-1.424527645e+00
-1.349624276e+00
-3.055464506e+00
1.839832783e+00
-1.698630929e+00
-1.568575978e+00
-1.703501940e+00
-1.659951448e+00
1.718196154e+00
2.382705212e+00
-1.470298052e+00
-1.413580298e+00
1.350141883e+00
1.587645888e+00
1.703651547e+00
1.837133765e+00
2.445500940e-01
1.239954829e+00
-1.861893773e+00
-1.697237134e+00
-1.747915268e+00
-1.521815300e+00
1.590171695e+00
1.685065746e+00
-6.935269237e-01
-3.260444701e-01
3.150552511e-01
-6.099697948e-01
-5.448666215e-01
4.186548293e-01
2.484481633e-01
-6.627196074e-01
8.259848952e-01
4.140315056e-01
2.559141070e-02
5.726180077e-01
