-1.451545596e+00
-1.369910002e+00
-3.104152441e+00
1.871756196e+00
-1.725085735e+00
-1.593791485e+00
-1.730756640e+00
-1.688057661e+00
1.744894385e+00
2.421562433e+00
-1.491011620e+00
-1.437477589e+00
1.337833285e+00
1.574162126e+00
1.689069390e+00
1.821301579e+00
2.428271025e-01
1.228439808e+00
-1.847632527e+00
-1.683994889e+00
-1.734318733e+00
-1.508195043e+00
1.576796174e+00
1.669892550e+00
-6.935269237e-01
-3.260444701e-01
3.150552511e-01
-6.099697948e-01
-5.448666215e-01
4.186548293e-01
2.484481633e-01
-6.627196074e-01
8.259848952e-01
4.140315056e-01
2.559141070e-02
5.726180077e-01
