7.090000000e-02
3.163809524e-02
5.701904762e-02
2.600000000e-02
2.786666667e-02
0.000000000e+00
5.776666667e-02
7.733333333e-03
3.697142857e-02
0.000000000e+00
0.000000000e+00
1.333333333e-03
2.093333333e-02
6.610476190e-02
5.466666667e-03
9.166666667e-03
3.571428571e-03
0.000000000e+00
2.903333333e-02
6.000000000e-03
2.924142857e-01
9.393809524e-02
4.133333333e-03
9.666666667e-03
0.000000000e+00
7.066666667e-03
1.433333333e-02
1.666666667e-02
6.566666667e-03
6.693809524e-02
0.000000000e+00
1.266666667e-02
1.760000000e-02
0.000000000e+00
1.650000000e-02
7.333333333e-03
1.966666667e-02
1.257142857e-02
0.000000000e+00
1.726666667e-02
1.337142857e-02
0.000000000e+00
1.746666667e-02
1.433333333e-02
9.000000000e-03
2.000000000e-03
3.976666667e-02
1.596666667e-02
8.800000000e-03
0.000000000e+00
1.080000000e-02
0.000000000e+00
9.666666667e-03
1.133333333e-02
4.466666667e-03
2.000000000e-03
1.133333333e-02
7.466666667e-03
0.000000000e+00
5.466666667e-03
2.000000000e-03
6.000000000e-03
3.800000000e-03
4.433333333e-03
0.000000000e+00
3.466666667e-03
5.480952381e-02
0.000000000e+00
0.000000000e+00
0.000000000e+00
0.000000000e+00
0.000000000e+00
0.000000000e+00
0.000000000e+00
0.000000000e+00
0.000000000e+00
0.000000000e+00
0.000000000e+00
0.000000000e+00
0.000000000e+00
0.000000000e+00
0.000000000e+00
0.000000000e+00
0.000000000e+00
0.000000000e+00
0.000000000e+00
0.000000000e+00
0.000000000e+00
0.000000000e+00
0.000000000e+00
0.000000000e+00
0.000000000e+00
0.000000000e+00
0.000000000e+00
0.000000000e+00
0.000000000e+00
0.000000000e+00
0.000000000e+00
0.000000000e+00
0.000000000e+00
0.000000000e+00
0.000000000e+00
0.000000000e+00
0.000000000e+00
0.000000000e+00
0.000000000e+00
0.000000000e+00
0.000000000e+00
0.000000000e+00
0.000000000e+00
0.000000000e+00
0.000000000e+00
0.000000000e+00
0.000000000e+00
0.000000000e+00
0.000000000e+00
0.000000000e+00
0.000000000e+00
0.000000000e+00
0.000000000e+00
0.000000000e+00
0.000000000e+00
0.000000000e+00
0.000000000e+00
0.000000000e+00
0.000000000e+00
0.000000000e+00
0.000000000e+00
0.000000000e+00
0.000000000e+00
0.000000000e+00
0.000000000e+00
0.000000000e+00
0.000000000e+00
0.000000000e+00
0.000000000e+00
0.000000000e+00
0.000000000e+00
0.000000000e+00
0.000000000e+00
0.000000000e+00
0.000000000e+00
0.000000000e+00
0.000000000e+00
0.000000000e+00
0.000000000e+00
0.000000000e+00
0.000000000e+00
0.000000000e+00
0.000000000e+00
0.000000000e+00
0.000000000e+00
0.000000000e+00
0.000000000e+00
0.000000000e+00
0.000000000e+00
0.000000000e+00
0.000000000e+00
0.000000000e+00
0.000000000e+00
0.000000000e+00
0.000000000e+00
0.000000000e+00
0.000000000e+00
0.000000000e+00
0.000000000e+00
0.000000000e+00
0.000000000e+00
0.000000000e+00
0.000000000e+00
0.000000000e+00
0.000000000e+00
0.000000000e+00
0.000000000e+00
0.000000000e+00
0.000000000e+00
0.000000000e+00
0.000000000e+00
0.000000000e+00
0.000000000e+00
0.000000000e+00
0.000000000e+00
0.000000000e+00
0.000000000e+00
0.000000000e+00
0.000000000e+00
0.000000000e+00
0.000000000e+00
0.000000000e+00
0.000000000e+00
0.000000000e+00
0.000000000e+00
0.000000000e+00
0.000000000e+00
0.000000000e+00
0.000000000e+00
0.000000000e+00
0.000000000e+00
0.000000000e+00
0.000000000e+00
0.000000000e+00
0.000000000e+00
0.000000000e+00
0.000000000e+00
0.000000000e+00
0.000000000e+00
0.000000000e+00
0.000000000e+00
0.000000000e+00
0.000000000e+00
0.000000000e+00
0.000000000e+00
0.000000000e+00
0.000000000e+00
0.000000000e+00
0.000000000e+00
0.000000000e+00
0.000000000e+00
0.000000000e+00
0.000000000e+00
0.000000000e+00
0.000000000e+00
0.000000000e+00
0.000000000e+00
0.000000000e+00
0.000000000e+00
0.000000000e+00
0.000000000e+00
0.000000000e+00
0.000000000e+00
0.000000000e+00
0.000000000e+00
0.000000000e+00
0.000000000e+00
0.000000000e+00
0.000000000e+00
0.000000000e+00
0.000000000e+00
0.000000000e+00
0.000000000e+00
0.000000000e+00
0.000000000e+00
0.000000000e+00
0.000000000e+00
0.000000000e+00
0.000000000e+00
0.000000000e+00
0.000000000e+00
0.000000000e+00
0.000000000e+00
0.000000000e+00
0.000000000e+00
0.000000000e+00
0.000000000e+00
0.000000000e+00
0.000000000e+00
0.000000000e+00
0.000000000e+00
0.000000000e+00
0.000000000e+00
0.000000000e+00
0.000000000e+00
0.000000000e+00
0.000000000e+00
0.000000000e+00
0.000000000e+00
0.000000000e+00
0.000000000e+00
0.000000000e+00
0.000000000e+00
0.000000000e+00
0.000000000e+00
0.000000000e+00
0.000000000e+00
0.000000000e+00
0.000000000e+00
0.000000000e+00
0.000000000e+00
0.000000000e+00
0.000000000e+00
0.000000000e+00
0.000000000e+00
0.000000000e+00
0.000000000e+00
0.000000000e+00
0.000000000e+00
0.000000000e+00
0.000000000e+00
0.000000000e+00
0.000000000e+00
0.000000000e+00
0.000000000e+00
0.000000000e+00
0.000000000e+00
0.000000000e+00
0.000000000e+00
0.000000000e+00
0.000000000e+00
0.000000000e+00
0.000000000e+00
0.000000000e+00
0.000000000e+00
0.000000000e+00
0.000000000e+00
0.000000000e+00
0.000000000e+00
0.000000000e+00
0.000000000e+00
0.000000000e+00
0.000000000e+00
0.000000000e+00
0.000000000e+00
0.000000000e+00
0.000000000e+00
0.000000000e+00
0.000000000e+00
0.000000000e+00
0.000000000e+00
0.000000000e+00
0.000000000e+00
0.000000000e+00
0.000000000e+00
0.000000000e+00
0.000000000e+00
0.000000000e+00
0.000000000e+00
0.000000000e+00
0.000000000e+00
0.000000000e+00
0.000000000e+00
0.000000000e+00
0.000000000e+00
0.000000000e+00
0.000000000e+00
0.000000000e+00
0.000000000e+00
0.000000000e+00
0.000000000e+00
0.000000000e+00
0.000000000e+00
0.000000000e+00
0.000000000e+00
0.000000000e+00
0.000000000e+00
0.000000000e+00
0.000000000e+00
0.000000000e+00
0.000000000e+00
0.000000000e+00
0.000000000e+00
0.000000000e+00
0.000000000e+00
0.000000000e+00
0.000000000e+00
0.000000000e+00
0.000000000e+00
0.000000000e+00
0.000000000e+00
0.000000000e+00
0.000000000e+00
0.000000000e+00
0.000000000e+00
0.000000000e+00
0.000000000e+00
0.000000000e+00
0.000000000e+00
0.000000000e+00
0.000000000e+00
0.000000000e+00
0.000000000e+00
0.000000000e+00
0.000000000e+00
0.000000000e+00
0.000000000e+00
0.000000000e+00
0.000000000e+00
0.000000000e+00
0.000000000e+00
0.000000000e+00
0.000000000e+00
0.000000000e+00
0.000000000e+00
0.000000000e+00
0.000000000e+00
0.000000000e+00
0.000000000e+00
0.000000000e+00
0.000000000e+00
0.000000000e+00
0.000000000e+00
0.000000000e+00
0.000000000e+00
0.000000000e+00
0.000000000e+00
0.000000000e+00
0.000000000e+00
0.000000000e+00
0.000000000e+00
1.333333333e-03
0.000000000e+00
0.000000000e+00
0.000000000e+00
1.920000000e-02
0.000000000e+00
0.000000000e+00
0.000000000e+00
0.000000000e+00
0.000000000e+00
0.000000000e+00
0.000000000e+00
0.000000000e+00
0.000000000e+00
0.000000000e+00
0.000000000e+00
0.000000000e+00
0.000000000e+00
0.000000000e+00
0.000000000e+00
0.000000000e+00
0.000000000e+00
0.000000000e+00
0.000000000e+00
0.000000000e+00
0.000000000e+00
0.000000000e+00
0.000000000e+00
0.000000000e+00
0.000000000e+00
0.000000000e+00
0.000000000e+00
0.000000000e+00
0.000000000e+00
0.000000000e+00
0.000000000e+00
0.000000000e+00
0.000000000e+00
0.000000000e+00
0.000000000e+00
0.000000000e+00
0.000000000e+00
0.000000000e+00
0.000000000e+00
1.964095238e-01
1.872095238e-01
2.501428571e-01
1.026666667e-02
7.140000000e-02
9.680476190e-02
0.000000000e+00
0.000000000e+00
0.000000000e+00
2.333333333e-03
7.694285714e-02
3.123333333e-02
6.160000000e-02
0.000000000e+00
1.001523810e-01
1.061238095e-01
0.000000000e+00
6.096666667e-02
1.434666667e-01
4.747142857e-02
2.146666667e-02
0.000000000e+00
0.000000000e+00
0.000000000e+00
0.000000000e+00
0.000000000e+00
0.000000000e+00
0.000000000e+00
0.000000000e+00
0.000000000e+00
0.000000000e+00
0.000000000e+00
0.000000000e+00
0.000000000e+00
0.000000000e+00
0.000000000e+00
0.000000000e+00
0.000000000e+00
0.000000000e+00
0.000000000e+00
0.000000000e+00
0.000000000e+00
0.000000000e+00
0.000000000e+00
0.000000000e+00
0.000000000e+00
0.000000000e+00
0.000000000e+00
0.000000000e+00
0.000000000e+00
0.000000000e+00
0.000000000e+00
0.000000000e+00
0.000000000e+00
0.000000000e+00
0.000000000e+00
0.000000000e+00
0.000000000e+00
0.000000000e+00
0.000000000e+00
0.000000000e+00
0.000000000e+00
0.000000000e+00
0.000000000e+00
0.000000000e+00
0.000000000e+00
0.000000000e+00
0.000000000e+00
0.000000000e+00
0.000000000e+00
0.000000000e+00
0.000000000e+00
0.000000000e+00
0.000000000e+00
0.000000000e+00
0.000000000e+00
0.000000000e+00
0.000000000e+00
0.000000000e+00
0.000000000e+00
0.000000000e+00
0.000000000e+00
0.000000000e+00
0.000000000e+00
0.000000000e+00
0.000000000e+00
0.000000000e+00
0.000000000e+00
0.000000000e+00
0.000000000e+00
0.000000000e+00
0.000000000e+00
0.000000000e+00
0.000000000e+00
0.000000000e+00
0.000000000e+00
0.000000000e+00
1.076666667e-02
1.763333333e-02
2.226666667e-02
8.333333333e-03
0.000000000e+00
1.652476190e-01
0.000000000e+00
1.540000000e-02
1.246666667e-02
1.950476190e-02
1.060000000e-02
9.333333333e-03
3.430000000e-02
0.000000000e+00
6.413809524e-02
1.335761905e-01
1.446666667e-02
1.867619048e-02
8.000000000e-04
9.333333333e-03
3.460000000e-02
1.213333333e-02
7.838095238e-03
1.033333333e-02
1.023809524e-02
0.000000000e+00
1.166666667e-02
5.000000000e-03
1.700000000e-02
1.257142857e-02
4.000000000e-03
8.500000000e-03
6.666666667e-03
4.930000000e-02
8.133333333e-03
3.466666667e-03
7.021904762e-02
1.333333333e-03
1.103333333e-02
1.613333333e-02
8.000000000e-04
0.000000000e+00
8.333333333e-03
0.000000000e+00
0.000000000e+00
0.000000000e+00
2.571428571e-03
2.750476190e-02
0.000000000e+00
1.500000000e-03
7.390000000e-02
2.913333333e-02
0.000000000e+00
1.266666667e-02
3.704761905e-03
1.390476190e-02
4.333333333e-03
2.653333333e-02
1.333333333e-03
7.333333333e-03
0.000000000e+00
6.774285714e-02
1.000000000e-02
3.333333333e-03
1.000000000e-03
1.333333333e-03
7.866666667e-03
0.000000000e+00
7.207619048e-02
0.000000000e+00
0.000000000e+00
6.666666667e-04
2.643809524e-02
3.904761905e-03
0.000000000e+00
0.000000000e+00
0.000000000e+00
0.000000000e+00
0.000000000e+00
0.000000000e+00
0.000000000e+00
0.000000000e+00
0.000000000e+00
0.000000000e+00
0.000000000e+00
0.000000000e+00
0.000000000e+00
0.000000000e+00
0.000000000e+00
0.000000000e+00
0.000000000e+00
0.000000000e+00
0.000000000e+00
0.000000000e+00
0.000000000e+00
0.000000000e+00
0.000000000e+00
0.000000000e+00
0.000000000e+00
0.000000000e+00
0.000000000e+00
0.000000000e+00
0.000000000e+00
0.000000000e+00
0.000000000e+00
0.000000000e+00
0.000000000e+00
0.000000000e+00
0.000000000e+00
0.000000000e+00
0.000000000e+00
0.000000000e+00
0.000000000e+00
0.000000000e+00
0.000000000e+00
0.000000000e+00
0.000000000e+00
0.000000000e+00
0.000000000e+00
0.000000000e+00
0.000000000e+00
0.000000000e+00
0.000000000e+00
0.000000000e+00
0.000000000e+00
0.000000000e+00
0.000000000e+00
0.000000000e+00
0.000000000e+00
0.000000000e+00
0.000000000e+00
0.000000000e+00
0.000000000e+00
0.000000000e+00
0.000000000e+00
0.000000000e+00
0.000000000e+00
0.000000000e+00
0.000000000e+00
0.000000000e+00
0.000000000e+00
0.000000000e+00
0.000000000e+00
0.000000000e+00
0.000000000e+00
0.000000000e+00
0.000000000e+00
0.000000000e+00
0.000000000e+00
0.000000000e+00
0.000000000e+00
0.000000000e+00
0.000000000e+00
0.000000000e+00
0.000000000e+00
0.000000000e+00
0.000000000e+00
0.000000000e+00
0.000000000e+00
0.000000000e+00
0.000000000e+00
0.000000000e+00
0.000000000e+00
0.000000000e+00
0.000000000e+00
0.000000000e+00
0.000000000e+00
0.000000000e+00
0.000000000e+00
0.000000000e+00
0.000000000e+00
0.000000000e+00
0.000000000e+00
0.000000000e+00
0.000000000e+00
0.000000000e+00
0.000000000e+00
0.000000000e+00
0.000000000e+00
0.000000000e+00
0.000000000e+00
0.000000000e+00
0.000000000e+00
0.000000000e+00
0.000000000e+00
0.000000000e+00
0.000000000e+00
0.000000000e+00
0.000000000e+00
0.000000000e+00
0.000000000e+00
0.000000000e+00
0.000000000e+00
0.000000000e+00
0.000000000e+00
0.000000000e+00
0.000000000e+00
0.000000000e+00
0.000000000e+00
0.000000000e+00
0.000000000e+00
0.000000000e+00
0.000000000e+00
0.000000000e+00
0.000000000e+00
0.000000000e+00
0.000000000e+00
0.000000000e+00
0.000000000e+00
0.000000000e+00
0.000000000e+00
0.000000000e+00
0.000000000e+00
0.000000000e+00
0.000000000e+00
0.000000000e+00
0.000000000e+00
0.000000000e+00
0.000000000e+00
0.000000000e+00
0.000000000e+00
0.000000000e+00
0.000000000e+00
0.000000000e+00
0.000000000e+00
0.000000000e+00
0.000000000e+00
0.000000000e+00
0.000000000e+00
0.000000000e+00
0.000000000e+00
0.000000000e+00
0.000000000e+00
0.000000000e+00
0.000000000e+00
0.000000000e+00
0.000000000e+00
0.000000000e+00
0.000000000e+00
0.000000000e+00
0.000000000e+00
0.000000000e+00
0.000000000e+00
0.000000000e+00
0.000000000e+00
0.000000000e+00
0.000000000e+00
0.000000000e+00
0.000000000e+00
0.000000000e+00
0.000000000e+00
0.000000000e+00
0.000000000e+00
0.000000000e+00
0.000000000e+00
0.000000000e+00
0.000000000e+00
0.000000000e+00
0.000000000e+00
0.000000000e+00
0.000000000e+00
0.000000000e+00
0.000000000e+00
0.000000000e+00
0.000000000e+00
0.000000000e+00
0.000000000e+00
0.000000000e+00
0.000000000e+00
0.000000000e+00
0.000000000e+00
0.000000000e+00
0.000000000e+00
0.000000000e+00
0.000000000e+00
0.000000000e+00
0.000000000e+00
0.000000000e+00
0.000000000e+00
0.000000000e+00
0.000000000e+00
0.000000000e+00
0.000000000e+00
0.000000000e+00
0.000000000e+00
0.000000000e+00
0.000000000e+00
0.000000000e+00
0.000000000e+00
0.000000000e+00
0.000000000e+00
0.000000000e+00
0.000000000e+00
0.000000000e+00
0.000000000e+00
0.000000000e+00
0.000000000e+00
0.000000000e+00
0.000000000e+00
0.000000000e+00
0.000000000e+00
0.000000000e+00
0.000000000e+00
0.000000000e+00
0.000000000e+00
0.000000000e+00
0.000000000e+00
0.000000000e+00
0.000000000e+00
0.000000000e+00
0.000000000e+00
0.000000000e+00
0.000000000e+00
0.000000000e+00
0.000000000e+00
0.000000000e+00
0.000000000e+00
0.000000000e+00
0.000000000e+00
0.000000000e+00
0.000000000e+00
0.000000000e+00
0.000000000e+00
0.000000000e+00
0.000000000e+00
0.000000000e+00
0.000000000e+00
0.000000000e+00
0.000000000e+00
0.000000000e+00
0.000000000e+00
0.000000000e+00
0.000000000e+00
0.000000000e+00
0.000000000e+00
0.000000000e+00
0.000000000e+00
0.000000000e+00
0.000000000e+00
0.000000000e+00
0.000000000e+00
0.000000000e+00
0.000000000e+00
0.000000000e+00
0.000000000e+00
0.000000000e+00
0.000000000e+00
0.000000000e+00
0.000000000e+00
0.000000000e+00
0.000000000e+00
0.000000000e+00
0.000000000e+00
0.000000000e+00
0.000000000e+00
0.000000000e+00
0.000000000e+00
0.000000000e+00
0.000000000e+00
0.000000000e+00
0.000000000e+00
0.000000000e+00
0.000000000e+00
0.000000000e+00
0.000000000e+00
0.000000000e+00
0.000000000e+00
0.000000000e+00
0.000000000e+00
1.233333333e-02
0.000000000e+00
0.000000000e+00
0.000000000e+00
8.000000000e-04
0.000000000e+00
0.000000000e+00
0.000000000e+00
3.976666667e-02
0.000000000e+00
0.000000000e+00
0.000000000e+00
3.260000000e-02
0.000000000e+00
0.000000000e+00
0.000000000e+00
0.000000000e+00
0.000000000e+00
0.000000000e+00
0.000000000e+00
0.000000000e+00
0.000000000e+00
0.000000000e+00
0.000000000e+00
0.000000000e+00
0.000000000e+00
0.000000000e+00
0.000000000e+00
0.000000000e+00
0.000000000e+00
0.000000000e+00
0.000000000e+00
0.000000000e+00
0.000000000e+00
0.000000000e+00
0.000000000e+00
0.000000000e+00
0.000000000e+00
0.000000000e+00
0.000000000e+00
0.000000000e+00
0.000000000e+00
0.000000000e+00
0.000000000e+00
0.000000000e+00
0.000000000e+00
0.000000000e+00
0.000000000e+00
0.000000000e+00
0.000000000e+00
0.000000000e+00
0.000000000e+00
0.000000000e+00
1.416380952e-01
5.093333333e-02
5.399904762e-01
3.002190476e-01
1.016714286e-01
1.411000000e-01
1.614380952e-01
1.143428571e-01
0.000000000e+00
2.749047619e-01
3.333333333e-02
8.047142857e-02
0.000000000e+00
8.373333333e-02
4.333333333e-03
0.000000000e+00
0.000000000e+00
2.991428571e-02
0.000000000e+00
0.000000000e+00
4.955238095e-02
7.134285714e-02
4.360952381e-02
0.000000000e+00
0.000000000e+00
0.000000000e+00
0.000000000e+00
0.000000000e+00
0.000000000e+00
0.000000000e+00
0.000000000e+00
0.000000000e+00
0.000000000e+00
0.000000000e+00
0.000000000e+00
0.000000000e+00
0.000000000e+00
0.000000000e+00
0.000000000e+00
0.000000000e+00
0.000000000e+00
0.000000000e+00
0.000000000e+00
0.000000000e+00
0.000000000e+00
0.000000000e+00
0.000000000e+00
0.000000000e+00
0.000000000e+00
0.000000000e+00
0.000000000e+00
0.000000000e+00
0.000000000e+00
0.000000000e+00
0.000000000e+00
0.000000000e+00
0.000000000e+00
0.000000000e+00
0.000000000e+00
0.000000000e+00
0.000000000e+00
0.000000000e+00
0.000000000e+00
0.000000000e+00
0.000000000e+00
0.000000000e+00
0.000000000e+00
0.000000000e+00
0.000000000e+00
0.000000000e+00
0.000000000e+00
0.000000000e+00
0.000000000e+00
0.000000000e+00
0.000000000e+00
0.000000000e+00
0.000000000e+00
0.000000000e+00
0.000000000e+00
0.000000000e+00
0.000000000e+00
0.000000000e+00
0.000000000e+00
0.000000000e+00
0.000000000e+00
0.000000000e+00
0.000000000e+00
0.000000000e+00
0.000000000e+00
0.000000000e+00
0.000000000e+00
0.000000000e+00
0.000000000e+00
0.000000000e+00
0.000000000e+00
2.376939394e-01
1.400000000e-02
1.600000000e-02
4.000000000e-03
7.566666667e-02
0.000000000e+00
1.900000000e-02
4.000000000e-03
1.600000000e-03
0.000000000e+00
8.000000000e-03
1.226666667e-02
0.000000000e+00
0.000000000e+00
8.000000000e-03
0.000000000e+00
4.000000000e-03
0.000000000e+00
4.000000000e-03
0.000000000e+00
0.000000000e+00
0.000000000e+00
0.000000000e+00
1.003030303e-01
0.000000000e+00
4.000000000e-03
1.900000000e-01
1.400000000e-02
1.600000000e-02
1.397333333e-01
8.204761905e-02
6.445714286e-02
2.222666667e-01
1.066666667e-02
0.000000000e+00
4.000000000e-03
6.000000000e-02
8.666666667e-03
4.000000000e-03
2.666666667e-02
8.363636364e-03
6.920000000e-02
2.500000000e-02
1.600000000e-02
5.266666667e-02
4.000000000e-03
0.000000000e+00
1.333333333e-02
0.000000000e+00
0.000000000e+00
6.760000000e-02
2.436363636e-02
1.200000000e-02
0.000000000e+00
0.000000000e+00
1.200000000e-02
3.200000000e-02
0.000000000e+00
4.000000000e-03
2.000000000e-02
0.000000000e+00
0.000000000e+00
1.217333333e-01
0.000000000e+00
0.000000000e+00
0.000000000e+00
4.000000000e-03
0.000000000e+00
0.000000000e+00
4.000000000e-03
6.666666667e-03
0.000000000e+00
1.057012987e-01
0.000000000e+00
1.200000000e-02
4.000000000e-03
9.333333333e-03
8.533333333e-03
0.000000000e+00
0.000000000e+00
5.714285714e-03
8.000000000e-03
1.200000000e-02
0.000000000e+00
4.000000000e-03
2.184761905e-02
5.300000000e-02
0.000000000e+00
2.720000000e-02
0.000000000e+00
0.000000000e+00
8.000000000e-02
0.000000000e+00
1.200000000e-02
1.200000000e-02
0.000000000e+00
0.000000000e+00
0.000000000e+00
0.000000000e+00
4.000000000e-03
4.000000000e-03
0.000000000e+00
0.000000000e+00
0.000000000e+00
7.333333333e-03
0.000000000e+00
1.333333333e-03
0.000000000e+00
0.000000000e+00
2.000000000e-03
4.000000000e-03
0.000000000e+00
8.000000000e-03
8.000000000e-03
0.000000000e+00
0.000000000e+00
6.171428571e-02
4.000000000e-03
0.000000000e+00
0.000000000e+00
4.000000000e-03
4.000000000e-03
0.000000000e+00
0.000000000e+00
0.000000000e+00
4.000000000e-03
6.000000000e-03
6.666666667e-03
0.000000000e+00
8.000000000e-03
3.197662338e-02
0.000000000e+00
4.000000000e-03
0.000000000e+00
0.000000000e+00
0.000000000e+00
0.000000000e+00
8.000000000e-03
4.000000000e-03
2.666666667e-03
0.000000000e+00
0.000000000e+00
0.000000000e+00
8.000000000e-03
0.000000000e+00
0.000000000e+00
0.000000000e+00
0.000000000e+00
0.000000000e+00
4.000000000e-03
0.000000000e+00
0.000000000e+00
0.000000000e+00
0.000000000e+00
3.200000000e-02
8.000000000e-03
1.600000000e-02
6.000000000e-03
1.400000000e-02
0.000000000e+00
0.000000000e+00
0.000000000e+00
0.000000000e+00
4.000000000e-03
0.000000000e+00
0.000000000e+00
8.000000000e-03
0.000000000e+00
0.000000000e+00
0.000000000e+00
0.000000000e+00
1.500000000e-02
0.000000000e+00
2.000000000e-03
4.000000000e-03
2.000000000e-02
0.000000000e+00
0.000000000e+00
0.000000000e+00
3.000000000e-03
0.000000000e+00
0.000000000e+00
0.000000000e+00
4.000000000e-03
0.000000000e+00
6.400000000e-03
0.000000000e+00
4.000000000e-03
3.600000000e-02
0.000000000e+00
1.266666667e-02
0.000000000e+00
1.200000000e-02
0.000000000e+00
0.000000000e+00
4.000000000e-03
3.000000000e-03
4.000000000e-03
0.000000000e+00
0.000000000e+00
0.000000000e+00
0.000000000e+00
5.142857143e-03
4.666666667e-03
0.000000000e+00
0.000000000e+00
0.000000000e+00
4.000000000e-03
0.000000000e+00
0.000000000e+00
0.000000000e+00
0.000000000e+00
0.000000000e+00
0.000000000e+00
0.000000000e+00
0.000000000e+00
0.000000000e+00
2.400000000e-02
0.000000000e+00
0.000000000e+00
0.000000000e+00
0.000000000e+00
0.000000000e+00
0.000000000e+00
0.000000000e+00
4.000000000e-03
0.000000000e+00
0.000000000e+00
0.000000000e+00
4.000000000e-03
0.000000000e+00
4.000000000e-03
2.000000000e-03
0.000000000e+00
0.000000000e+00
0.000000000e+00
0.000000000e+00
0.000000000e+00
0.000000000e+00
0.000000000e+00
0.000000000e+00
0.000000000e+00
0.000000000e+00
5.333333333e-03
1.200000000e-02
0.000000000e+00
6.000000000e-03
0.000000000e+00
4.000000000e-03
0.000000000e+00
0.000000000e+00
0.000000000e+00
0.000000000e+00
6.000000000e-03
0.000000000e+00
1.800000000e-02
0.000000000e+00
0.000000000e+00
4.000000000e-03
0.000000000e+00
0.000000000e+00
0.000000000e+00
0.000000000e+00
0.000000000e+00
0.000000000e+00
0.000000000e+00
0.000000000e+00
0.000000000e+00
0.000000000e+00
0.000000000e+00
0.000000000e+00
0.000000000e+00
0.000000000e+00
0.000000000e+00
0.000000000e+00
0.000000000e+00
0.000000000e+00
0.000000000e+00
0.000000000e+00
0.000000000e+00
0.000000000e+00
0.000000000e+00
0.000000000e+00
0.000000000e+00
0.000000000e+00
0.000000000e+00
0.000000000e+00
0.000000000e+00
0.000000000e+00
0.000000000e+00
0.000000000e+00
0.000000000e+00
0.000000000e+00
1.600000000e-02
0.000000000e+00
4.000000000e-03
0.000000000e+00
0.000000000e+00
0.000000000e+00
0.000000000e+00
0.000000000e+00
1.200000000e-02
0.000000000e+00
0.000000000e+00
0.000000000e+00
0.000000000e+00
0.000000000e+00
0.000000000e+00
0.000000000e+00
0.000000000e+00
8.000000000e-03
0.000000000e+00
0.000000000e+00
0.000000000e+00
0.000000000e+00
0.000000000e+00
0.000000000e+00
0.000000000e+00
0.000000000e+00
0.000000000e+00
0.000000000e+00
0.000000000e+00
4.000000000e-03
4.000000000e-03
0.000000000e+00
8.000000000e-03
0.000000000e+00
0.000000000e+00
0.000000000e+00
4.000000000e-03
0.000000000e+00
0.000000000e+00
0.000000000e+00
0.000000000e+00
0.000000000e+00
0.000000000e+00
0.000000000e+00
0.000000000e+00
0.000000000e+00
4.000000000e-03
0.000000000e+00
0.000000000e+00
0.000000000e+00
0.000000000e+00
4.000000000e-03
0.000000000e+00
4.000000000e-03
4.000000000e-03
0.000000000e+00
0.000000000e+00
0.000000000e+00
0.000000000e+00
0.000000000e+00
0.000000000e+00
0.000000000e+00
0.000000000e+00
0.000000000e+00
0.000000000e+00
0.000000000e+00
0.000000000e+00
0.000000000e+00
0.000000000e+00
0.000000000e+00
0.000000000e+00
0.000000000e+00
0.000000000e+00
0.000000000e+00
0.000000000e+00
0.000000000e+00
0.000000000e+00
0.000000000e+00
2.400000000e-03
0.000000000e+00
0.000000000e+00
4.000000000e-03
0.000000000e+00
0.000000000e+00
0.000000000e+00
4.000000000e-03
0.000000000e+00
0.000000000e+00
0.000000000e+00
0.000000000e+00
0.000000000e+00
0.000000000e+00
0.000000000e+00
0.000000000e+00
0.000000000e+00
0.000000000e+00
0.000000000e+00
0.000000000e+00
0.000000000e+00
0.000000000e+00
0.000000000e+00
0.000000000e+00
0.000000000e+00
0.000000000e+00
0.000000000e+00
0.000000000e+00
0.000000000e+00
4.000000000e-03
0.000000000e+00
0.000000000e+00
0.000000000e+00
0.000000000e+00
0.000000000e+00
0.000000000e+00
0.000000000e+00
0.000000000e+00
0.000000000e+00
0.000000000e+00
0.000000000e+00
0.000000000e+00
0.000000000e+00
0.000000000e+00
0.000000000e+00
0.000000000e+00
0.000000000e+00
0.000000000e+00
0.000000000e+00
0.000000000e+00
0.000000000e+00
4.000000000e-03
0.000000000e+00
4.000000000e-03
0.000000000e+00
8.000000000e-03
4.000000000e-03
0.000000000e+00
0.000000000e+00
0.000000000e+00
0.000000000e+00
0.000000000e+00
0.000000000e+00
0.000000000e+00
0.000000000e+00
0.000000000e+00
0.000000000e+00
0.000000000e+00
0.000000000e+00
0.000000000e+00
0.000000000e+00
0.000000000e+00
0.000000000e+00
0.000000000e+00
0.000000000e+00
0.000000000e+00
0.000000000e+00
0.000000000e+00
0.000000000e+00
0.000000000e+00
0.000000000e+00
0.000000000e+00
0.000000000e+00
0.000000000e+00
0.000000000e+00
0.000000000e+00
0.000000000e+00
0.000000000e+00
0.000000000e+00
0.000000000e+00
0.000000000e+00
0.000000000e+00
0.000000000e+00
0.000000000e+00
0.000000000e+00
0.000000000e+00
0.000000000e+00
0.000000000e+00
0.000000000e+00
0.000000000e+00
0.000000000e+00
0.000000000e+00
0.000000000e+00
0.000000000e+00
0.000000000e+00
0.000000000e+00
0.000000000e+00
0.000000000e+00
0.000000000e+00
0.000000000e+00
0.000000000e+00
0.000000000e+00
1.793768969e-02
1.922608385e-03
5.315741556e-03
7.092124999e-01
9.657471323e-01
1.737515192e-01
7.705000788e-01
