-8.188909888e-01
-8.081314564e-01
-1.805817366e+00
1.104742408e+00
-1.018510342e+00
-9.411677122e-01
-1.035589576e+00
-9.820478559e-01
1.050751567e+00
1.418400288e+00
-8.546898365e-01
-8.622597456e-01
1.368955135e+00
1.611216664e+00
1.728984594e+00
1.867342472e+00
2.445537597e-01
1.254961729e+00
-1.887343049e+00
-1.724493265e+00
-1.771766424e+00
-1.546051025e+00
1.613782167e+00
1.708965302e+00
-6.935269237e-01
-3.260444701e-01
3.150552511e-01
-6.099697948e-01
-5.448666215e-01
4.186548293e-01
2.484481633e-01
-6.627196074e-01
8.259848952e-01
4.140315056e-01
2.559141070e-02
5.726180077e-01
