-7.022795081e-01
-6.977966428e-01
-1.560782909e+00
9.606922865e-01
-8.854278922e-01
-8.196462393e-01
-9.004468322e-01
-8.535190821e-01
9.184210300e-01
1.228930354e+00
-7.342303991e-01
-7.578449249e-01
1.620860100e+00
1.876011968e+00
2.041079760e+00
2.213119268e+00
2.782377303e-01
1.468784928e+00
-2.220459700e+00
-2.032235861e+00
-2.084406853e+00
-1.828835368e+00
1.905929208e+00
2.022989035e+00
-6.935269237e-01
-3.260444701e-01
3.150552511e-01
-6.099697948e-01
-5.448666215e-01
4.186548293e-01
2.484481633e-01
-6.627196074e-01
8.259848952e-01
4.140315056e-01
2.559141070e-02
5.726180077e-01
