-9.571270943e-01
-9.299284816e-01
-2.092432976e+00
1.276611090e+00
-1.178322554e+00
-1.086468935e+00
-1.188869119e+00
-1.138849258e+00
1.200213313e+00
1.638271093e+00
-9.935056567e-01
-9.915140867e-01
1.258419394e+00
1.496867657e+00
1.601218700e+00
1.723636746e+00
2.370484918e-01
1.162842512e+00
-1.753402948e+00
-1.599717855e+00
-1.645034552e+00
-1.424686432e+00
1.489521265e+00
1.579753518e+00
-6.935269237e-01
-3.260444701e-01
3.150552511e-01
-6.099697948e-01
-5.448666215e-01
4.186548293e-01
2.484481633e-01
-6.627196074e-01
8.259848952e-01
4.140315056e-01
2.559141070e-02
5.726180077e-01
