-1.572264910e+00
-1.484227300e+00
-3.361443281e+00
2.022346735e+00
-1.866735578e+00
-1.723044515e+00
-1.871675014e+00
-1.827447891e+00
1.884302735e+00
2.622025013e+00
-1.620061278e+00
-1.547634244e+00
1.330052972e+00
1.569319606e+00
1.681585431e+00
1.809909463e+00
2.419766486e-01
1.224510550e+00
-1.836135626e+00
-1.674077392e+00
-1.726209402e+00
-1.500598550e+00
1.568406940e+00
1.663249254e+00
-6.935269237e-01
-3.260444701e-01
3.150552511e-01
-6.099697948e-01
-5.448666215e-01
4.186548293e-01
2.484481633e-01
-6.627196074e-01
8.259848952e-01
4.140315056e-01
2.559141070e-02
5.726180077e-01
