-1.431361675e+00
-1.356589437e+00
-3.071239710e+00
1.851549625e+00
-1.709757090e+00
-1.575014591e+00
-1.712311506e+00
-1.671589971e+00
1.726622820e+00
2.397174358e+00
-1.477404475e+00
-1.418384552e+00
1.477051735e+00
1.718715310e+00
1.846700191e+00
1.999647975e+00
2.566848993e-01
1.347514868e+00
-2.019290447e+00
-1.838736534e+00
-1.896503687e+00
-1.661321402e+00
1.729602575e+00
1.835942626e+00
-6.935269237e-01
-3.260444701e-01
3.150552511e-01
-6.099697948e-01
-5.448666215e-01
4.186548293e-01
2.484481633e-01
-6.627196074e-01
8.259848952e-01
4.140315056e-01
2.559141070e-02
5.726180077e-01
