-1.431361914e+00
-1.356589317e+00
-3.071239710e+00
1.851549625e+00
-1.709757090e+00
-1.575014472e+00
-1.712311387e+00
-1.671589971e+00
1.726622820e+00
2.397174358e+00
-1.477404356e+00
-1.418384671e+00
1.477051616e+00
1.718715191e+00
1.846699953e+00
1.999648213e+00
2.566849291e-01
1.347514868e+00
-2.019290447e+00
-1.838736415e+00
-1.896503687e+00
-1.661321402e+00
1.729602575e+00
1.835942626e+00
-6.935269237e-01
-3.260444701e-01
3.150552511e-01
-6.099697948e-01
-5.448666215e-01
4.186548293e-01
2.484481633e-01
-6.627196074e-01
8.259848952e-01
4.140315056e-01
2.559141070e-02
5.726180077e-01
