-9.495624900e-01
-9.246594310e-01
-2.071668386e+00
1.260690451e+00
-1.159662247e+00
-1.078443766e+00
-1.176155329e+00
-1.121326208e+00
1.190336704e+00
1.622408390e+00
-9.858142138e-01
-9.794330597e-01
1.479985595e+00
1.721887112e+00
1.858131528e+00
2.011360884e+00
2.568885088e-01
1.349188328e+00
-2.027000427e+00
-1.851915121e+00
-1.902071118e+00
-1.666595459e+00
1.737820029e+00
1.841600418e+00
-6.935269237e-01
-3.260444701e-01
3.150552511e-01
-6.099697948e-01
-5.448666215e-01
4.186548293e-01
2.484481633e-01
-6.627196074e-01
8.259848952e-01
4.140315056e-01
2.559141070e-02
5.726180077e-01
