0.000000000e+00
0.000000000e+00
0.000000000e+00
0.000000000e+00
0.000000000e+00
0.000000000e+00
0.000000000e+00
0.000000000e+00
0.000000000e+00
0.000000000e+00
0.000000000e+00
0.000000000e+00
0.000000000e+00
0.000000000e+00
0.000000000e+00
0.000000000e+00
0.000000000e+00
0.000000000e+00
0.000000000e+00
0.000000000e+00
0.000000000e+00
0.000000000e+00
0.000000000e+00
0.000000000e+00
0.000000000e+00
0.000000000e+00
0.000000000e+00
0.000000000e+00
0.000000000e+00
0.000000000e+00
0.000000000e+00
0.000000000e+00
0.000000000e+00
0.000000000e+00
0.000000000e+00
0.000000000e+00
0.000000000e+00
0.000000000e+00
0.000000000e+00
0.000000000e+00
0.000000000e+00
0.000000000e+00
0.000000000e+00
0.000000000e+00
0.000000000e+00
0.000000000e+00
0.000000000e+00
0.000000000e+00
0.000000000e+00
0.000000000e+00
0.000000000e+00
0.000000000e+00
0.000000000e+00
0.000000000e+00
0.000000000e+00
0.000000000e+00
0.000000000e+00
0.000000000e+00
0.000000000e+00
0.000000000e+00
0.000000000e+00
0.000000000e+00
0.000000000e+00
0.000000000e+00
0.000000000e+00
0.000000000e+00
0.000000000e+00
0.000000000e+00
0.000000000e+00
4.747142857e-02
1.087000000e-01
0.000000000e+00
0.000000000e+00
0.000000000e+00
0.000000000e+00
0.000000000e+00
0.000000000e+00
0.000000000e+00
1.966634921e-01
1.361076923e-01
0.000000000e+00
0.000000000e+00
0.000000000e+00
0.000000000e+00
5.833333333e-03
0.000000000e+00
0.000000000e+00
0.000000000e+00
4.076666667e-02
1.268761905e-01
3.740212454e-01
0.000000000e+00
2.663809524e-02
0.000000000e+00
0.000000000e+00
3.997142857e-02
1.571428571e-03
2.523333333e-02
0.000000000e+00
0.000000000e+00
0.000000000e+00
0.000000000e+00
0.000000000e+00
8.104761905e-03
6.933333333e-03
0.000000000e+00
1.820952381e-02
0.000000000e+00
2.777619048e-02
1.013333333e-02
0.000000000e+00
0.000000000e+00
0.000000000e+00
0.000000000e+00
0.000000000e+00
0.000000000e+00
0.000000000e+00
0.000000000e+00
5.000000000e-04
0.000000000e+00
2.423809524e-02
5.721880342e-02
3.352014652e-02
8.133333333e-03
0.000000000e+00
1.110769231e-02
0.000000000e+00
2.382967033e-02
0.000000000e+00
0.000000000e+00
0.000000000e+00
0.000000000e+00
1.923809524e-02
1.273333333e-02
0.000000000e+00
0.000000000e+00
0.000000000e+00
2.194285714e-02
0.000000000e+00
4.853711844e-02
0.000000000e+00
0.000000000e+00
0.000000000e+00
0.000000000e+00
0.000000000e+00
0.000000000e+00
0.000000000e+00
0.000000000e+00
3.447543346e-01
0.000000000e+00
0.000000000e+00
0.000000000e+00
0.000000000e+00
0.000000000e+00
0.000000000e+00
0.000000000e+00
0.000000000e+00
0.000000000e+00
0.000000000e+00
0.000000000e+00
0.000000000e+00
0.000000000e+00
0.000000000e+00
0.000000000e+00
0.000000000e+00
0.000000000e+00
0.000000000e+00
0.000000000e+00
0.000000000e+00
0.000000000e+00
0.000000000e+00
0.000000000e+00
0.000000000e+00
0.000000000e+00
0.000000000e+00
0.000000000e+00
0.000000000e+00
0.000000000e+00
0.000000000e+00
0.000000000e+00
0.000000000e+00
0.000000000e+00
0.000000000e+00
0.000000000e+00
0.000000000e+00
0.000000000e+00
0.000000000e+00
0.000000000e+00
2.449047619e-02
0.000000000e+00
0.000000000e+00
0.000000000e+00
0.000000000e+00
0.000000000e+00
0.000000000e+00
0.000000000e+00
0.000000000e+00
0.000000000e+00
0.000000000e+00
0.000000000e+00
0.000000000e+00
0.000000000e+00
0.000000000e+00
0.000000000e+00
0.000000000e+00
0.000000000e+00
0.000000000e+00
0.000000000e+00
0.000000000e+00
1.266666667e-02
0.000000000e+00
0.000000000e+00
0.000000000e+00
0.000000000e+00
0.000000000e+00
2.333333333e-03
8.879682540e-02
0.000000000e+00
0.000000000e+00
0.000000000e+00
0.000000000e+00
0.000000000e+00
0.000000000e+00
0.000000000e+00
0.000000000e+00
0.000000000e+00
0.000000000e+00
0.000000000e+00
0.000000000e+00
0.000000000e+00
0.000000000e+00
0.000000000e+00
0.000000000e+00
0.000000000e+00
0.000000000e+00
0.000000000e+00
0.000000000e+00
0.000000000e+00
0.000000000e+00
0.000000000e+00
0.000000000e+00
0.000000000e+00
0.000000000e+00
0.000000000e+00
0.000000000e+00
0.000000000e+00
0.000000000e+00
0.000000000e+00
0.000000000e+00
0.000000000e+00
0.000000000e+00
0.000000000e+00
0.000000000e+00
0.000000000e+00
0.000000000e+00
0.000000000e+00
0.000000000e+00
0.000000000e+00
0.000000000e+00
0.000000000e+00
0.000000000e+00
0.000000000e+00
0.000000000e+00
0.000000000e+00
0.000000000e+00
0.000000000e+00
0.000000000e+00
0.000000000e+00
0.000000000e+00
0.000000000e+00
0.000000000e+00
0.000000000e+00
0.000000000e+00
0.000000000e+00
0.000000000e+00
0.000000000e+00
0.000000000e+00
0.000000000e+00
0.000000000e+00
0.000000000e+00
0.000000000e+00
0.000000000e+00
0.000000000e+00
0.000000000e+00
0.000000000e+00
0.000000000e+00
0.000000000e+00
0.000000000e+00
0.000000000e+00
0.000000000e+00
0.000000000e+00
0.000000000e+00
0.000000000e+00
0.000000000e+00
0.000000000e+00
0.000000000e+00
1.828730159e-02
1.000000000e-03
1.000000000e-03
7.074703425e-02
1.571428571e-03
1.370317460e-02
3.058830409e-02
0.000000000e+00
0.000000000e+00
3.802698413e-02
2.363174603e-02
1.688571429e-02
2.734385965e-02
3.785396825e-02
0.000000000e+00
6.428036759e-02
4.264920635e-02
3.632698413e-02
3.713809524e-02
0.000000000e+00
4.666666667e-03
1.333333333e-03
1.047619048e-02
1.044444444e-02
1.142857143e-03
3.466666667e-03
3.474285714e-02
1.223809524e-02
1.708730159e-02
1.000000000e-03
8.488888889e-03
1.333333333e-03
0.000000000e+00
2.800000000e-03
1.600000000e-03
9.333333333e-03
1.516516484e-01
2.373186813e-02
3.617142857e-02
7.781245421e-02
3.471648352e-02
5.127435897e-02
1.066666667e-02
4.165213675e-02
0.000000000e+00
7.107619048e-02
1.740000000e-02
8.966666667e-03
0.000000000e+00
0.000000000e+00
0.000000000e+00
0.000000000e+00
0.000000000e+00
0.000000000e+00
0.000000000e+00
0.000000000e+00
0.000000000e+00
0.000000000e+00
0.000000000e+00
0.000000000e+00
0.000000000e+00
0.000000000e+00
0.000000000e+00
0.000000000e+00
0.000000000e+00
0.000000000e+00
0.000000000e+00
0.000000000e+00
0.000000000e+00
0.000000000e+00
0.000000000e+00
0.000000000e+00
0.000000000e+00
0.000000000e+00
0.000000000e+00
0.000000000e+00
0.000000000e+00
0.000000000e+00
0.000000000e+00
0.000000000e+00
0.000000000e+00
0.000000000e+00
0.000000000e+00
0.000000000e+00
0.000000000e+00
3.098095238e-02
6.142857143e-03
0.000000000e+00
0.000000000e+00
0.000000000e+00
0.000000000e+00
1.106031746e-02
1.273333333e-02
3.426666667e-02
0.000000000e+00
0.000000000e+00
0.000000000e+00
0.000000000e+00
0.000000000e+00
0.000000000e+00
0.000000000e+00
0.000000000e+00
0.000000000e+00
0.000000000e+00
0.000000000e+00
0.000000000e+00
0.000000000e+00
0.000000000e+00
0.000000000e+00
0.000000000e+00
0.000000000e+00
0.000000000e+00
0.000000000e+00
0.000000000e+00
0.000000000e+00
0.000000000e+00
0.000000000e+00
0.000000000e+00
0.000000000e+00
0.000000000e+00
0.000000000e+00
0.000000000e+00
0.000000000e+00
0.000000000e+00
0.000000000e+00
0.000000000e+00
0.000000000e+00
0.000000000e+00
0.000000000e+00
9.688771930e-02
4.704761905e-03
7.060952381e-02
7.794761905e-02
1.420897436e-01
8.292063492e-02
1.493074481e-01
2.170476190e-02
2.234578755e-02
8.663333333e-02
1.020809524e-01
5.574358974e-03
7.857142857e-04
7.184385965e-02
0.000000000e+00
0.000000000e+00
0.000000000e+00
0.000000000e+00
0.000000000e+00
0.000000000e+00
0.000000000e+00
0.000000000e+00
0.000000000e+00
0.000000000e+00
0.000000000e+00
0.000000000e+00
0.000000000e+00
0.000000000e+00
0.000000000e+00
0.000000000e+00
0.000000000e+00
0.000000000e+00
0.000000000e+00
0.000000000e+00
0.000000000e+00
0.000000000e+00
0.000000000e+00
0.000000000e+00
0.000000000e+00
0.000000000e+00
0.000000000e+00
0.000000000e+00
0.000000000e+00
0.000000000e+00
0.000000000e+00
0.000000000e+00
0.000000000e+00
0.000000000e+00
0.000000000e+00
0.000000000e+00
0.000000000e+00
0.000000000e+00
0.000000000e+00
0.000000000e+00
0.000000000e+00
0.000000000e+00
0.000000000e+00
0.000000000e+00
0.000000000e+00
0.000000000e+00
0.000000000e+00
0.000000000e+00
0.000000000e+00
0.000000000e+00
0.000000000e+00
0.000000000e+00
0.000000000e+00
0.000000000e+00
0.000000000e+00
0.000000000e+00
0.000000000e+00
0.000000000e+00
0.000000000e+00
0.000000000e+00
0.000000000e+00
0.000000000e+00
0.000000000e+00
0.000000000e+00
0.000000000e+00
0.000000000e+00
0.000000000e+00
0.000000000e+00
0.000000000e+00
0.000000000e+00
0.000000000e+00
0.000000000e+00
0.000000000e+00
0.000000000e+00
0.000000000e+00
0.000000000e+00
0.000000000e+00
0.000000000e+00
0.000000000e+00
0.000000000e+00
0.000000000e+00
0.000000000e+00
0.000000000e+00
0.000000000e+00
0.000000000e+00
0.000000000e+00
0.000000000e+00
0.000000000e+00
0.000000000e+00
0.000000000e+00
0.000000000e+00
0.000000000e+00
0.000000000e+00
0.000000000e+00
0.000000000e+00
0.000000000e+00
0.000000000e+00
0.000000000e+00
0.000000000e+00
0.000000000e+00
0.000000000e+00
0.000000000e+00
0.000000000e+00
0.000000000e+00
0.000000000e+00
0.000000000e+00
0.000000000e+00
0.000000000e+00
0.000000000e+00
0.000000000e+00
0.000000000e+00
0.000000000e+00
0.000000000e+00
0.000000000e+00
0.000000000e+00
0.000000000e+00
0.000000000e+00
0.000000000e+00
0.000000000e+00
0.000000000e+00
0.000000000e+00
0.000000000e+00
0.000000000e+00
0.000000000e+00
0.000000000e+00
0.000000000e+00
0.000000000e+00
0.000000000e+00
0.000000000e+00
0.000000000e+00
0.000000000e+00
0.000000000e+00
0.000000000e+00
0.000000000e+00
0.000000000e+00
0.000000000e+00
0.000000000e+00
0.000000000e+00
0.000000000e+00
0.000000000e+00
0.000000000e+00
0.000000000e+00
0.000000000e+00
0.000000000e+00
0.000000000e+00
0.000000000e+00
0.000000000e+00
0.000000000e+00
0.000000000e+00
0.000000000e+00
0.000000000e+00
0.000000000e+00
0.000000000e+00
0.000000000e+00
0.000000000e+00
0.000000000e+00
0.000000000e+00
0.000000000e+00
0.000000000e+00
0.000000000e+00
0.000000000e+00
0.000000000e+00
0.000000000e+00
0.000000000e+00
0.000000000e+00
0.000000000e+00
0.000000000e+00
0.000000000e+00
0.000000000e+00
0.000000000e+00
0.000000000e+00
0.000000000e+00
0.000000000e+00
0.000000000e+00
0.000000000e+00
0.000000000e+00
2.850476190e-02
0.000000000e+00
0.000000000e+00
0.000000000e+00
0.000000000e+00
3.400000000e-02
2.960000000e-02
0.000000000e+00
0.000000000e+00
6.666666667e-03
0.000000000e+00
7.085714286e-03
0.000000000e+00
0.000000000e+00
1.152457875e-01
2.835714286e-02
0.000000000e+00
0.000000000e+00
0.000000000e+00
0.000000000e+00
0.000000000e+00
2.739090354e-01
0.000000000e+00
0.000000000e+00
1.084539683e-01
0.000000000e+00
1.217777778e-02
2.186776557e-02
0.000000000e+00
0.000000000e+00
3.120000000e-02
1.093333333e-02
3.126666667e-02
0.000000000e+00
2.406666667e-02
0.000000000e+00
0.000000000e+00
0.000000000e+00
4.000000000e-04
3.073333333e-02
1.233333333e-02
1.770769231e-02
3.000000000e-03
0.000000000e+00
0.000000000e+00
7.244444444e-03
1.006666667e-02
0.000000000e+00
0.000000000e+00
0.000000000e+00
0.000000000e+00
0.000000000e+00
0.000000000e+00
0.000000000e+00
0.000000000e+00
0.000000000e+00
0.000000000e+00
0.000000000e+00
0.000000000e+00
0.000000000e+00
0.000000000e+00
0.000000000e+00
0.000000000e+00
0.000000000e+00
2.857435897e-02
1.657142857e-02
0.000000000e+00
0.000000000e+00
0.000000000e+00
0.000000000e+00
0.000000000e+00
0.000000000e+00
0.000000000e+00
0.000000000e+00
0.000000000e+00
0.000000000e+00
0.000000000e+00
1.266666667e-02
0.000000000e+00
0.000000000e+00
0.000000000e+00
1.023333333e-02
0.000000000e+00
1.995238095e-02
0.000000000e+00
0.000000000e+00
0.000000000e+00
0.000000000e+00
0.000000000e+00
0.000000000e+00
0.000000000e+00
0.000000000e+00
0.000000000e+00
0.000000000e+00
0.000000000e+00
0.000000000e+00
0.000000000e+00
0.000000000e+00
0.000000000e+00
0.000000000e+00
0.000000000e+00
0.000000000e+00
0.000000000e+00
6.869047619e-02
6.283626374e-02
0.000000000e+00
0.000000000e+00
0.000000000e+00
0.000000000e+00
0.000000000e+00
0.000000000e+00
0.000000000e+00
0.000000000e+00
0.000000000e+00
0.000000000e+00
0.000000000e+00
0.000000000e+00
0.000000000e+00
0.000000000e+00
0.000000000e+00
0.000000000e+00
0.000000000e+00
0.000000000e+00
0.000000000e+00
3.466666667e-03
0.000000000e+00
0.000000000e+00
1.432952381e-01
2.239301587e-01
0.000000000e+00
0.000000000e+00
0.000000000e+00
0.000000000e+00
0.000000000e+00
0.000000000e+00
0.000000000e+00
0.000000000e+00
0.000000000e+00
0.000000000e+00
0.000000000e+00
0.000000000e+00
0.000000000e+00
0.000000000e+00
0.000000000e+00
0.000000000e+00
0.000000000e+00
0.000000000e+00
0.000000000e+00
0.000000000e+00
0.000000000e+00
0.000000000e+00
0.000000000e+00
0.000000000e+00
0.000000000e+00
0.000000000e+00
0.000000000e+00
0.000000000e+00
0.000000000e+00
0.000000000e+00
0.000000000e+00
0.000000000e+00
0.000000000e+00
0.000000000e+00
0.000000000e+00
0.000000000e+00
0.000000000e+00
0.000000000e+00
0.000000000e+00
0.000000000e+00
0.000000000e+00
0.000000000e+00
0.000000000e+00
0.000000000e+00
0.000000000e+00
0.000000000e+00
0.000000000e+00
0.000000000e+00
0.000000000e+00
0.000000000e+00
0.000000000e+00
0.000000000e+00
0.000000000e+00
0.000000000e+00
0.000000000e+00
0.000000000e+00
0.000000000e+00
0.000000000e+00
0.000000000e+00
0.000000000e+00
0.000000000e+00
0.000000000e+00
0.000000000e+00
0.000000000e+00
0.000000000e+00
0.000000000e+00
0.000000000e+00
0.000000000e+00
0.000000000e+00
0.000000000e+00
0.000000000e+00
0.000000000e+00
2.333333333e-03
0.000000000e+00
1.721428571e-02
0.000000000e+00
0.000000000e+00
5.000000000e-03
4.000000000e-03
3.467619048e-02
1.514285714e-02
4.950893901e-02
9.333333333e-03
8.000000000e-04
8.000000000e-04
1.723809524e-02
2.281528822e-02
0.000000000e+00
9.315396825e-02
4.571428571e-03
1.333333333e-03
9.800000000e-03
0.000000000e+00
1.333333333e-03
2.333333333e-03
2.904761905e-03
2.643333333e-02
6.933333333e-03
7.942857143e-03
1.780952381e-02
2.123333333e-02
1.704761905e-02
1.833333333e-03
3.272063492e-02
0.000000000e+00
2.076666667e-02
2.450476190e-02
8.000000000e-03
3.508253968e-02
2.000000000e-03
2.000000000e-03
1.781954887e-03
3.404761905e-03
1.000000000e-03
0.000000000e+00
5.274102564e-02
1.025531136e-02
7.817142857e-02
0.000000000e+00
1.524235653e-01
4.342380952e-02
0.000000000e+00
0.000000000e+00
0.000000000e+00
0.000000000e+00
0.000000000e+00
0.000000000e+00
0.000000000e+00
0.000000000e+00
0.000000000e+00
0.000000000e+00
0.000000000e+00
0.000000000e+00
0.000000000e+00
0.000000000e+00
0.000000000e+00
0.000000000e+00
0.000000000e+00
0.000000000e+00
0.000000000e+00
0.000000000e+00
0.000000000e+00
0.000000000e+00
0.000000000e+00
0.000000000e+00
0.000000000e+00
0.000000000e+00
0.000000000e+00
0.000000000e+00
0.000000000e+00
0.000000000e+00
0.000000000e+00
3.238095238e-03
1.131766082e-01
7.220000000e-02
3.204761905e-03
0.000000000e+00
2.110000000e-02
0.000000000e+00
0.000000000e+00
3.083809524e-02
0.000000000e+00
0.000000000e+00
0.000000000e+00
0.000000000e+00
0.000000000e+00
0.000000000e+00
0.000000000e+00
0.000000000e+00
0.000000000e+00
0.000000000e+00
0.000000000e+00
0.000000000e+00
0.000000000e+00
0.000000000e+00
0.000000000e+00
0.000000000e+00
0.000000000e+00
0.000000000e+00
0.000000000e+00
0.000000000e+00
0.000000000e+00
0.000000000e+00
0.000000000e+00
0.000000000e+00
0.000000000e+00
0.000000000e+00
0.000000000e+00
0.000000000e+00
0.000000000e+00
0.000000000e+00
0.000000000e+00
0.000000000e+00
0.000000000e+00
0.000000000e+00
1.467894994e-01
4.664444444e-02
6.278253968e-02
2.012825397e-01
2.012825397e-01
4.784444444e-02
0.000000000e+00
0.000000000e+00
2.600000000e-03
0.000000000e+00
0.000000000e+00
0.000000000e+00
0.000000000e+00
0.000000000e+00
0.000000000e+00
0.000000000e+00
0.000000000e+00
0.000000000e+00
0.000000000e+00
0.000000000e+00
0.000000000e+00
0.000000000e+00
0.000000000e+00
0.000000000e+00
0.000000000e+00
0.000000000e+00
0.000000000e+00
0.000000000e+00
0.000000000e+00
0.000000000e+00
0.000000000e+00
0.000000000e+00
0.000000000e+00
0.000000000e+00
0.000000000e+00
0.000000000e+00
0.000000000e+00
0.000000000e+00
0.000000000e+00
0.000000000e+00
0.000000000e+00
0.000000000e+00
0.000000000e+00
0.000000000e+00
0.000000000e+00
0.000000000e+00
0.000000000e+00
0.000000000e+00
0.000000000e+00
0.000000000e+00
0.000000000e+00
0.000000000e+00
0.000000000e+00
0.000000000e+00
0.000000000e+00
0.000000000e+00
0.000000000e+00
0.000000000e+00
0.000000000e+00
0.000000000e+00
0.000000000e+00
0.000000000e+00
0.000000000e+00
0.000000000e+00
0.000000000e+00
0.000000000e+00
0.000000000e+00
0.000000000e+00
0.000000000e+00
0.000000000e+00
0.000000000e+00
0.000000000e+00
0.000000000e+00
0.000000000e+00
0.000000000e+00
0.000000000e+00
0.000000000e+00
0.000000000e+00
0.000000000e+00
0.000000000e+00
0.000000000e+00
0.000000000e+00
0.000000000e+00
0.000000000e+00
0.000000000e+00
0.000000000e+00
0.000000000e+00
0.000000000e+00
0.000000000e+00
0.000000000e+00
0.000000000e+00
0.000000000e+00
0.000000000e+00
0.000000000e+00
0.000000000e+00
0.000000000e+00
0.000000000e+00
0.000000000e+00
0.000000000e+00
0.000000000e+00
0.000000000e+00
0.000000000e+00
0.000000000e+00
0.000000000e+00
0.000000000e+00
0.000000000e+00
0.000000000e+00
0.000000000e+00
0.000000000e+00
0.000000000e+00
0.000000000e+00
0.000000000e+00
0.000000000e+00
0.000000000e+00
0.000000000e+00
0.000000000e+00
0.000000000e+00
3.800000000e-01
1.000000000e-02
1.200000000e-02
4.400000000e-02
2.020000000e-01
0.000000000e+00
3.800000000e-02
0.000000000e+00
1.000000000e-02
0.000000000e+00
1.200000000e-02
1.000000000e-02
0.000000000e+00
0.000000000e+00
2.400000000e-02
4.000000000e-03
1.600000000e-02
0.000000000e+00
0.000000000e+00
1.200000000e-02
1.200000000e-02
8.000000000e-03
4.000000000e-03
1.066666667e-01
0.000000000e+00
0.000000000e+00
1.420000000e-01
3.666666667e-02
1.600000000e-02
1.020000000e-01
1.980000000e-01
4.000000000e-03
7.000000000e-02
4.600000000e-02
4.000000000e-03
1.400000000e-02
4.266666667e-02
2.400000000e-02
0.000000000e+00
1.466666667e-02
4.000000000e-02
7.600000000e-02
4.800000000e-02
0.000000000e+00
4.200000000e-02
0.000000000e+00
0.000000000e+00
1.200000000e-02
0.000000000e+00
1.200000000e-02
6.000000000e-02
2.800000000e-02
3.266666667e-02
0.000000000e+00
0.000000000e+00
3.200000000e-02
2.800000000e-02
0.000000000e+00
4.000000000e-03
1.600000000e-02
0.000000000e+00
4.000000000e-03
1.220000000e-01
0.000000000e+00
0.000000000e+00
0.000000000e+00
3.600000000e-02
1.600000000e-02
0.000000000e+00
2.400000000e-02
2.000000000e-02
8.000000000e-03
4.800000000e-02
4.000000000e-03
1.200000000e-02
0.000000000e+00
1.600000000e-02
0.000000000e+00
0.000000000e+00
0.000000000e+00
1.600000000e-02
0.000000000e+00
8.000000000e-03
0.000000000e+00
0.000000000e+00
2.400000000e-02
6.800000000e-02
0.000000000e+00
4.600000000e-02
0.000000000e+00
0.000000000e+00
5.000000000e-02
0.000000000e+00
1.200000000e-02
1.600000000e-02
0.000000000e+00
4.000000000e-03
4.000000000e-03
0.000000000e+00
0.000000000e+00
0.000000000e+00
0.000000000e+00
0.000000000e+00
4.000000000e-03
8.000000000e-03
0.000000000e+00
0.000000000e+00
0.000000000e+00
0.000000000e+00
0.000000000e+00
0.000000000e+00
8.000000000e-03
1.200000000e-02
0.000000000e+00
0.000000000e+00
0.000000000e+00
2.400000000e-02
1.200000000e-02
0.000000000e+00
0.000000000e+00
4.000000000e-03
6.000000000e-03
0.000000000e+00
0.000000000e+00
0.000000000e+00
0.000000000e+00
4.000000000e-03
0.000000000e+00
0.000000000e+00
6.266666667e-02
2.000000000e-02
0.000000000e+00
2.000000000e-02
4.000000000e-03
1.000000000e-02
1.600000000e-02
0.000000000e+00
1.200000000e-02
1.200000000e-02
0.000000000e+00
6.000000000e-03
0.000000000e+00
8.000000000e-03
0.000000000e+00
0.000000000e+00
0.000000000e+00
0.000000000e+00
0.000000000e+00
0.000000000e+00
8.000000000e-03
0.000000000e+00
0.000000000e+00
0.000000000e+00
0.000000000e+00
1.600000000e-02
0.000000000e+00
4.000000000e-03
4.000000000e-03
8.000000000e-03
4.000000000e-03
0.000000000e+00
4.000000000e-03
0.000000000e+00
0.000000000e+00
0.000000000e+00
1.200000000e-02
0.000000000e+00
0.000000000e+00
1.200000000e-02
0.000000000e+00
1.200000000e-02
1.200000000e-02
4.000000000e-03
4.000000000e-03
0.000000000e+00
2.000000000e-02
0.000000000e+00
0.000000000e+00
0.000000000e+00
4.000000000e-03
0.000000000e+00
0.000000000e+00
0.000000000e+00
8.000000000e-03
4.000000000e-03
4.000000000e-03
0.000000000e+00
8.000000000e-03
2.400000000e-02
0.000000000e+00
0.000000000e+00
0.000000000e+00
2.000000000e-02
0.000000000e+00
0.000000000e+00
2.000000000e-02
4.000000000e-03
0.000000000e+00
0.000000000e+00
0.000000000e+00
0.000000000e+00
6.000000000e-03
0.000000000e+00
0.000000000e+00
0.000000000e+00
0.000000000e+00
0.000000000e+00
0.000000000e+00
0.000000000e+00
0.000000000e+00
0.000000000e+00
0.000000000e+00
0.000000000e+00
0.000000000e+00
4.000000000e-03
0.000000000e+00
0.000000000e+00
3.200000000e-02
0.000000000e+00
0.000000000e+00
0.000000000e+00
0.000000000e+00
0.000000000e+00
0.000000000e+00
0.000000000e+00
0.000000000e+00
0.000000000e+00
0.000000000e+00
0.000000000e+00
1.200000000e-02
0.000000000e+00
4.000000000e-03
0.000000000e+00
0.000000000e+00
0.000000000e+00
0.000000000e+00
4.000000000e-03
0.000000000e+00
0.000000000e+00
0.000000000e+00
8.000000000e-03
0.000000000e+00
4.000000000e-03
0.000000000e+00
0.000000000e+00
2.000000000e-03
0.000000000e+00
0.000000000e+00
0.000000000e+00
0.000000000e+00
0.000000000e+00
0.000000000e+00
0.000000000e+00
1.600000000e-02
0.000000000e+00
2.000000000e-02
0.000000000e+00
4.000000000e-03
0.000000000e+00
8.000000000e-03
0.000000000e+00
8.000000000e-03
0.000000000e+00
0.000000000e+00
0.000000000e+00
8.000000000e-03
0.000000000e+00
0.000000000e+00
0.000000000e+00
0.000000000e+00
0.000000000e+00
2.000000000e-03
0.000000000e+00
0.000000000e+00
4.000000000e-03
0.000000000e+00
0.000000000e+00
4.000000000e-03
0.000000000e+00
0.000000000e+00
4.000000000e-03
0.000000000e+00
6.000000000e-03
0.000000000e+00
0.000000000e+00
0.000000000e+00
0.000000000e+00
6.000000000e-03
0.000000000e+00
0.000000000e+00
0.000000000e+00
0.000000000e+00
0.000000000e+00
1.400000000e-02
4.000000000e-03
1.200000000e-02
0.000000000e+00
0.000000000e+00
0.000000000e+00
0.000000000e+00
0.000000000e+00
0.000000000e+00
0.000000000e+00
0.000000000e+00
4.000000000e-03
0.000000000e+00
0.000000000e+00
0.000000000e+00
0.000000000e+00
0.000000000e+00
0.000000000e+00
0.000000000e+00
0.000000000e+00
0.000000000e+00
0.000000000e+00
0.000000000e+00
0.000000000e+00
0.000000000e+00
0.000000000e+00
0.000000000e+00
0.000000000e+00
0.000000000e+00
1.200000000e-02
0.000000000e+00
4.000000000e-03
0.000000000e+00
0.000000000e+00
4.000000000e-03
4.000000000e-03
0.000000000e+00
0.000000000e+00
0.000000000e+00
0.000000000e+00
0.000000000e+00
0.000000000e+00
0.000000000e+00
4.000000000e-03
0.000000000e+00
0.000000000e+00
4.000000000e-03
0.000000000e+00
0.000000000e+00
0.000000000e+00
0.000000000e+00
0.000000000e+00
0.000000000e+00
0.000000000e+00
4.000000000e-03
0.000000000e+00
0.000000000e+00
0.000000000e+00
0.000000000e+00
4.000000000e-03
0.000000000e+00
0.000000000e+00
0.000000000e+00
0.000000000e+00
0.000000000e+00
2.000000000e-03
0.000000000e+00
4.000000000e-03
4.000000000e-03
0.000000000e+00
0.000000000e+00
0.000000000e+00
0.000000000e+00
0.000000000e+00
0.000000000e+00
0.000000000e+00
0.000000000e+00
0.000000000e+00
4.000000000e-03
0.000000000e+00
0.000000000e+00
0.000000000e+00
0.000000000e+00
0.000000000e+00
0.000000000e+00
4.000000000e-03
0.000000000e+00
0.000000000e+00
0.000000000e+00
0.000000000e+00
4.000000000e-03
0.000000000e+00
0.000000000e+00
0.000000000e+00
0.000000000e+00
0.000000000e+00
0.000000000e+00
0.000000000e+00
0.000000000e+00
0.000000000e+00
0.000000000e+00
0.000000000e+00
0.000000000e+00
0.000000000e+00
4.000000000e-03
0.000000000e+00
0.000000000e+00
0.000000000e+00
0.000000000e+00
4.000000000e-03
0.000000000e+00
0.000000000e+00
0.000000000e+00
0.000000000e+00
0.000000000e+00
0.000000000e+00
0.000000000e+00
0.000000000e+00
0.000000000e+00
4.000000000e-03
4.000000000e-03
4.000000000e-03
8.000000000e-03
4.000000000e-03
4.000000000e-03
4.000000000e-03
4.000000000e-03
4.000000000e-03
4.000000000e-03
0.000000000e+00
0.000000000e+00
0.000000000e+00
0.000000000e+00
0.000000000e+00
0.000000000e+00
0.000000000e+00
0.000000000e+00
0.000000000e+00
0.000000000e+00
0.000000000e+00
0.000000000e+00
0.000000000e+00
0.000000000e+00
0.000000000e+00
0.000000000e+00
0.000000000e+00
0.000000000e+00
0.000000000e+00
0.000000000e+00
0.000000000e+00
0.000000000e+00
0.000000000e+00
0.000000000e+00
0.000000000e+00
0.000000000e+00
0.000000000e+00
0.000000000e+00
0.000000000e+00
0.000000000e+00
0.000000000e+00
0.000000000e+00
0.000000000e+00
0.000000000e+00
0.000000000e+00
0.000000000e+00
0.000000000e+00
0.000000000e+00
0.000000000e+00
0.000000000e+00
0.000000000e+00
0.000000000e+00
0.000000000e+00
0.000000000e+00
0.000000000e+00
0.000000000e+00
0.000000000e+00
0.000000000e+00
0.000000000e+00
0.000000000e+00
0.000000000e+00
0.000000000e+00
0.000000000e+00
0.000000000e+00
0.000000000e+00
0.000000000e+00
0.000000000e+00
0.000000000e+00
0.000000000e+00
0.000000000e+00
0.000000000e+00
1.978005096e-02
2.484175240e-03
5.347021462e-03
7.473312876e-01
9.589914745e-01
1.413461804e-01
7.971765481e-01
