-8.781238794e-01
-8.636124134e-01
-1.935721755e+00
1.184070349e+00
-1.088559628e+00
-1.006085873e+00
-1.105363607e+00
-1.054789543e+00
1.115452528e+00
1.515971065e+00
-9.165990353e-01
-9.213174582e-01
1.353027821e+00
1.593166947e+00
1.711935759e+00
1.846389174e+00
2.457336038e-01
1.245048404e+00
-1.871459484e+00
-1.707065701e+00
-1.755293965e+00
-1.528505325e+00
1.594054699e+00
1.694102645e+00
-6.935269237e-01
-3.260444701e-01
3.150552511e-01
-6.099697948e-01
-5.448666215e-01
4.186548293e-01
2.484481633e-01
-6.627196074e-01
8.259848952e-01
4.140315056e-01
2.559141070e-02
5.726180077e-01
