2.539444444e-02
0.000000000e+00
0.000000000e+00
8.296380286e-02
8.630535576e-02
0.000000000e+00
3.307647908e-02
0.000000000e+00
3.620476190e-02
0.000000000e+00
6.338095238e-03
0.000000000e+00
2.960000000e-02
0.000000000e+00
0.000000000e+00
7.916666667e-03
3.874747475e-03
1.444444444e-03
4.200000000e-03
6.244444444e-03
1.226674603e-01
0.000000000e+00
1.448888889e-02
4.800000000e-03
5.671428571e-03
1.777777778e-03
0.000000000e+00
1.809365079e-02
2.314273504e-02
7.135064935e-03
1.297142857e-02
1.286526807e-02
5.476190476e-03
0.000000000e+00
4.400000000e-03
2.000000000e-03
0.000000000e+00
1.241111111e-02
0.000000000e+00
3.478253968e-02
5.333333333e-03
4.571428571e-03
0.000000000e+00
1.072012987e-02
1.168253968e-02
0.000000000e+00
4.400952381e-02
1.250873016e-02
2.952380952e-03
6.904761905e-03
3.777777778e-03
7.333333333e-03
4.444444444e-04
0.000000000e+00
5.133333333e-03
0.000000000e+00
1.700000000e-02
0.000000000e+00
0.000000000e+00
5.000000000e-04
8.888888889e-04
0.000000000e+00
6.768253968e-03
0.000000000e+00
0.000000000e+00
2.360000000e-02
1.323670219e-01
0.000000000e+00
0.000000000e+00
0.000000000e+00
0.000000000e+00
0.000000000e+00
0.000000000e+00
0.000000000e+00
0.000000000e+00
0.000000000e+00
0.000000000e+00
0.000000000e+00
0.000000000e+00
0.000000000e+00
0.000000000e+00
0.000000000e+00
0.000000000e+00
0.000000000e+00
0.000000000e+00
0.000000000e+00
0.000000000e+00
0.000000000e+00
0.000000000e+00
0.000000000e+00
0.000000000e+00
0.000000000e+00
0.000000000e+00
0.000000000e+00
0.000000000e+00
0.000000000e+00
0.000000000e+00
0.000000000e+00
0.000000000e+00
0.000000000e+00
0.000000000e+00
0.000000000e+00
0.000000000e+00
0.000000000e+00
0.000000000e+00
0.000000000e+00
0.000000000e+00
0.000000000e+00
0.000000000e+00
0.000000000e+00
0.000000000e+00
0.000000000e+00
0.000000000e+00
0.000000000e+00
0.000000000e+00
0.000000000e+00
0.000000000e+00
0.000000000e+00
0.000000000e+00
0.000000000e+00
0.000000000e+00
0.000000000e+00
0.000000000e+00
0.000000000e+00
0.000000000e+00
0.000000000e+00
0.000000000e+00
0.000000000e+00
0.000000000e+00
0.000000000e+00
0.000000000e+00
0.000000000e+00
0.000000000e+00
0.000000000e+00
0.000000000e+00
0.000000000e+00
0.000000000e+00
0.000000000e+00
0.000000000e+00
0.000000000e+00
0.000000000e+00
0.000000000e+00
0.000000000e+00
0.000000000e+00
0.000000000e+00
0.000000000e+00
0.000000000e+00
0.000000000e+00
0.000000000e+00
0.000000000e+00
0.000000000e+00
0.000000000e+00
0.000000000e+00
0.000000000e+00
0.000000000e+00
0.000000000e+00
0.000000000e+00
0.000000000e+00
0.000000000e+00
0.000000000e+00
0.000000000e+00
0.000000000e+00
0.000000000e+00
0.000000000e+00
0.000000000e+00
0.000000000e+00
0.000000000e+00
0.000000000e+00
0.000000000e+00
0.000000000e+00
0.000000000e+00
0.000000000e+00
0.000000000e+00
0.000000000e+00
0.000000000e+00
0.000000000e+00
0.000000000e+00
0.000000000e+00
0.000000000e+00
0.000000000e+00
0.000000000e+00
0.000000000e+00
0.000000000e+00
0.000000000e+00
0.000000000e+00
0.000000000e+00
0.000000000e+00
0.000000000e+00
0.000000000e+00
0.000000000e+00
0.000000000e+00
0.000000000e+00
0.000000000e+00
0.000000000e+00
0.000000000e+00
0.000000000e+00
0.000000000e+00
0.000000000e+00
0.000000000e+00
0.000000000e+00
0.000000000e+00
0.000000000e+00
0.000000000e+00
0.000000000e+00
0.000000000e+00
0.000000000e+00
0.000000000e+00
0.000000000e+00
0.000000000e+00
0.000000000e+00
0.000000000e+00
0.000000000e+00
0.000000000e+00
0.000000000e+00
0.000000000e+00
0.000000000e+00
0.000000000e+00
0.000000000e+00
0.000000000e+00
0.000000000e+00
0.000000000e+00
0.000000000e+00
0.000000000e+00
0.000000000e+00
0.000000000e+00
0.000000000e+00
0.000000000e+00
0.000000000e+00
0.000000000e+00
0.000000000e+00
0.000000000e+00
0.000000000e+00
0.000000000e+00
0.000000000e+00
0.000000000e+00
0.000000000e+00
0.000000000e+00
0.000000000e+00
0.000000000e+00
0.000000000e+00
0.000000000e+00
0.000000000e+00
0.000000000e+00
0.000000000e+00
0.000000000e+00
0.000000000e+00
0.000000000e+00
0.000000000e+00
0.000000000e+00
0.000000000e+00
0.000000000e+00
0.000000000e+00
0.000000000e+00
0.000000000e+00
0.000000000e+00
0.000000000e+00
0.000000000e+00
0.000000000e+00
0.000000000e+00
0.000000000e+00
0.000000000e+00
0.000000000e+00
0.000000000e+00
0.000000000e+00
0.000000000e+00
0.000000000e+00
0.000000000e+00
0.000000000e+00
0.000000000e+00
0.000000000e+00
0.000000000e+00
0.000000000e+00
0.000000000e+00
0.000000000e+00
0.000000000e+00
0.000000000e+00
0.000000000e+00
0.000000000e+00
0.000000000e+00
0.000000000e+00
0.000000000e+00
0.000000000e+00
0.000000000e+00
0.000000000e+00
0.000000000e+00
0.000000000e+00
0.000000000e+00
0.000000000e+00
0.000000000e+00
0.000000000e+00
0.000000000e+00
0.000000000e+00
0.000000000e+00
0.000000000e+00
0.000000000e+00
0.000000000e+00
0.000000000e+00
0.000000000e+00
0.000000000e+00
0.000000000e+00
0.000000000e+00
0.000000000e+00
0.000000000e+00
0.000000000e+00
0.000000000e+00
0.000000000e+00
0.000000000e+00
0.000000000e+00
0.000000000e+00
0.000000000e+00
0.000000000e+00
0.000000000e+00
0.000000000e+00
0.000000000e+00
0.000000000e+00
0.000000000e+00
0.000000000e+00
0.000000000e+00
0.000000000e+00
0.000000000e+00
0.000000000e+00
0.000000000e+00
0.000000000e+00
0.000000000e+00
0.000000000e+00
0.000000000e+00
0.000000000e+00
0.000000000e+00
0.000000000e+00
0.000000000e+00
0.000000000e+00
0.000000000e+00
0.000000000e+00
0.000000000e+00
0.000000000e+00
0.000000000e+00
0.000000000e+00
0.000000000e+00
0.000000000e+00
0.000000000e+00
0.000000000e+00
0.000000000e+00
0.000000000e+00
0.000000000e+00
0.000000000e+00
0.000000000e+00
0.000000000e+00
0.000000000e+00
0.000000000e+00
0.000000000e+00
0.000000000e+00
0.000000000e+00
0.000000000e+00
0.000000000e+00
0.000000000e+00
0.000000000e+00
0.000000000e+00
0.000000000e+00
0.000000000e+00
0.000000000e+00
0.000000000e+00
0.000000000e+00
0.000000000e+00
0.000000000e+00
0.000000000e+00
0.000000000e+00
0.000000000e+00
0.000000000e+00
0.000000000e+00
0.000000000e+00
0.000000000e+00
0.000000000e+00
0.000000000e+00
0.000000000e+00
0.000000000e+00
0.000000000e+00
0.000000000e+00
0.000000000e+00
0.000000000e+00
0.000000000e+00
0.000000000e+00
0.000000000e+00
0.000000000e+00
0.000000000e+00
0.000000000e+00
0.000000000e+00
0.000000000e+00
0.000000000e+00
0.000000000e+00
0.000000000e+00
0.000000000e+00
0.000000000e+00
3.706204906e-02
6.604682540e-02
4.075555556e-02
0.000000000e+00
3.756060606e-02
4.102539683e-02
5.833333333e-03
0.000000000e+00
1.891074315e-01
8.000000000e-04
0.000000000e+00
8.945906316e-02
8.753653014e-02
9.479035409e-02
7.451991342e-02
1.159358808e-01
2.403877567e-01
6.482661783e-02
1.353902320e-01
6.874220779e-02
1.022761905e-01
4.783203463e-02
2.137936508e-02
4.859047619e-02
7.962712843e-02
2.370485570e-01
3.407635698e-02
4.457344877e-02
3.046883117e-02
5.096507937e-02
5.150000000e-02
4.854126984e-02
1.867142857e-02
0.000000000e+00
0.000000000e+00
0.000000000e+00
0.000000000e+00
0.000000000e+00
0.000000000e+00
0.000000000e+00
0.000000000e+00
0.000000000e+00
0.000000000e+00
0.000000000e+00
0.000000000e+00
0.000000000e+00
0.000000000e+00
0.000000000e+00
0.000000000e+00
0.000000000e+00
0.000000000e+00
0.000000000e+00
0.000000000e+00
0.000000000e+00
0.000000000e+00
0.000000000e+00
0.000000000e+00
0.000000000e+00
0.000000000e+00
0.000000000e+00
0.000000000e+00
0.000000000e+00
0.000000000e+00
0.000000000e+00
0.000000000e+00
0.000000000e+00
0.000000000e+00
0.000000000e+00
0.000000000e+00
0.000000000e+00
0.000000000e+00
0.000000000e+00
0.000000000e+00
0.000000000e+00
0.000000000e+00
0.000000000e+00
0.000000000e+00
0.000000000e+00
0.000000000e+00
0.000000000e+00
0.000000000e+00
0.000000000e+00
0.000000000e+00
0.000000000e+00
0.000000000e+00
0.000000000e+00
0.000000000e+00
0.000000000e+00
0.000000000e+00
0.000000000e+00
0.000000000e+00
0.000000000e+00
0.000000000e+00
0.000000000e+00
0.000000000e+00
0.000000000e+00
0.000000000e+00
0.000000000e+00
0.000000000e+00
0.000000000e+00
0.000000000e+00
0.000000000e+00
0.000000000e+00
0.000000000e+00
0.000000000e+00
0.000000000e+00
0.000000000e+00
0.000000000e+00
0.000000000e+00
0.000000000e+00
0.000000000e+00
0.000000000e+00
0.000000000e+00
0.000000000e+00
0.000000000e+00
0.000000000e+00
0.000000000e+00
0.000000000e+00
0.000000000e+00
0.000000000e+00
0.000000000e+00
0.000000000e+00
0.000000000e+00
0.000000000e+00
0.000000000e+00
0.000000000e+00
0.000000000e+00
0.000000000e+00
0.000000000e+00
0.000000000e+00
0.000000000e+00
0.000000000e+00
0.000000000e+00
0.000000000e+00
0.000000000e+00
0.000000000e+00
0.000000000e+00
0.000000000e+00
0.000000000e+00
0.000000000e+00
0.000000000e+00
0.000000000e+00
0.000000000e+00
2.071301587e-01
0.000000000e+00
0.000000000e+00
0.000000000e+00
3.466430791e-02
1.139365079e-02
1.572539683e-02
2.902871573e-02
3.666666667e-03
1.421644522e-01
0.000000000e+00
2.022051282e-02
0.000000000e+00
2.756349206e-02
9.580851371e-02
1.555238095e-02
2.123333333e-02
3.833333333e-03
9.337289377e-02
1.002525475e-01
6.266062826e-02
8.466666667e-03
5.333333333e-03
1.414920635e-02
2.977619048e-02
0.000000000e+00
1.132395382e-02
9.777777778e-03
0.000000000e+00
0.000000000e+00
9.163636364e-03
1.293333333e-02
0.000000000e+00
2.600000000e-03
0.000000000e+00
2.183333333e-02
0.000000000e+00
4.487179487e-03
5.472698413e-02
1.333333333e-03
7.660559996e-02
2.043333333e-02
2.893650794e-02
1.007142857e-02
2.800000000e-03
6.733333333e-03
0.000000000e+00
3.268730159e-02
2.088256188e-02
0.000000000e+00
0.000000000e+00
0.000000000e+00
2.888888889e-03
5.190476190e-03
1.455860806e-02
0.000000000e+00
0.000000000e+00
0.000000000e+00
0.000000000e+00
3.400000000e-03
0.000000000e+00
1.033333333e-02
3.404761905e-03
0.000000000e+00
4.196825397e-03
1.058770063e-01
2.643939394e-03
0.000000000e+00
3.333333333e-03
5.000000000e-03
2.333333333e-03
3.104761905e-03
0.000000000e+00
5.809523810e-03
5.325685426e-03
4.000000000e-04
1.320451770e-02
0.000000000e+00
0.000000000e+00
9.911111111e-03
0.000000000e+00
0.000000000e+00
0.000000000e+00
0.000000000e+00
0.000000000e+00
0.000000000e+00
0.000000000e+00
0.000000000e+00
0.000000000e+00
0.000000000e+00
0.000000000e+00
0.000000000e+00
0.000000000e+00
0.000000000e+00
0.000000000e+00
0.000000000e+00
0.000000000e+00
0.000000000e+00
0.000000000e+00
0.000000000e+00
0.000000000e+00
0.000000000e+00
0.000000000e+00
0.000000000e+00
0.000000000e+00
0.000000000e+00
0.000000000e+00
0.000000000e+00
0.000000000e+00
0.000000000e+00
0.000000000e+00
0.000000000e+00
0.000000000e+00
0.000000000e+00
0.000000000e+00
0.000000000e+00
0.000000000e+00
0.000000000e+00
0.000000000e+00
0.000000000e+00
0.000000000e+00
0.000000000e+00
0.000000000e+00
0.000000000e+00
0.000000000e+00
0.000000000e+00
0.000000000e+00
0.000000000e+00
0.000000000e+00
0.000000000e+00
0.000000000e+00
0.000000000e+00
0.000000000e+00
0.000000000e+00
0.000000000e+00
0.000000000e+00
0.000000000e+00
0.000000000e+00
0.000000000e+00
0.000000000e+00
0.000000000e+00
0.000000000e+00
0.000000000e+00
0.000000000e+00
0.000000000e+00
0.000000000e+00
0.000000000e+00
0.000000000e+00
0.000000000e+00
0.000000000e+00
0.000000000e+00
0.000000000e+00
0.000000000e+00
0.000000000e+00
0.000000000e+00
0.000000000e+00
0.000000000e+00
0.000000000e+00
0.000000000e+00
0.000000000e+00
0.000000000e+00
0.000000000e+00
0.000000000e+00
0.000000000e+00
0.000000000e+00
0.000000000e+00
0.000000000e+00
0.000000000e+00
0.000000000e+00
0.000000000e+00
0.000000000e+00
0.000000000e+00
0.000000000e+00
0.000000000e+00
0.000000000e+00
0.000000000e+00
0.000000000e+00
0.000000000e+00
0.000000000e+00
0.000000000e+00
0.000000000e+00
0.000000000e+00
0.000000000e+00
0.000000000e+00
0.000000000e+00
0.000000000e+00
0.000000000e+00
0.000000000e+00
0.000000000e+00
0.000000000e+00
0.000000000e+00
0.000000000e+00
0.000000000e+00
0.000000000e+00
0.000000000e+00
0.000000000e+00
0.000000000e+00
0.000000000e+00
0.000000000e+00
0.000000000e+00
0.000000000e+00
0.000000000e+00
0.000000000e+00
0.000000000e+00
0.000000000e+00
0.000000000e+00
0.000000000e+00
0.000000000e+00
0.000000000e+00
0.000000000e+00
0.000000000e+00
0.000000000e+00
0.000000000e+00
0.000000000e+00
0.000000000e+00
0.000000000e+00
0.000000000e+00
0.000000000e+00
0.000000000e+00
0.000000000e+00
0.000000000e+00
0.000000000e+00
0.000000000e+00
0.000000000e+00
0.000000000e+00
0.000000000e+00
0.000000000e+00
0.000000000e+00
0.000000000e+00
0.000000000e+00
0.000000000e+00
0.000000000e+00
0.000000000e+00
0.000000000e+00
0.000000000e+00
0.000000000e+00
0.000000000e+00
0.000000000e+00
0.000000000e+00
0.000000000e+00
0.000000000e+00
0.000000000e+00
0.000000000e+00
0.000000000e+00
0.000000000e+00
0.000000000e+00
0.000000000e+00
0.000000000e+00
0.000000000e+00
0.000000000e+00
0.000000000e+00
0.000000000e+00
0.000000000e+00
0.000000000e+00
0.000000000e+00
0.000000000e+00
0.000000000e+00
0.000000000e+00
0.000000000e+00
0.000000000e+00
0.000000000e+00
0.000000000e+00
0.000000000e+00
0.000000000e+00
0.000000000e+00
0.000000000e+00
0.000000000e+00
0.000000000e+00
0.000000000e+00
0.000000000e+00
0.000000000e+00
0.000000000e+00
0.000000000e+00
0.000000000e+00
0.000000000e+00
0.000000000e+00
0.000000000e+00
0.000000000e+00
0.000000000e+00
0.000000000e+00
0.000000000e+00
0.000000000e+00
0.000000000e+00
0.000000000e+00
0.000000000e+00
0.000000000e+00
0.000000000e+00
0.000000000e+00
0.000000000e+00
0.000000000e+00
0.000000000e+00
0.000000000e+00
0.000000000e+00
0.000000000e+00
0.000000000e+00
0.000000000e+00
0.000000000e+00
0.000000000e+00
0.000000000e+00
0.000000000e+00
0.000000000e+00
0.000000000e+00
0.000000000e+00
0.000000000e+00
0.000000000e+00
0.000000000e+00
0.000000000e+00
0.000000000e+00
0.000000000e+00
0.000000000e+00
0.000000000e+00
0.000000000e+00
0.000000000e+00
0.000000000e+00
0.000000000e+00
0.000000000e+00
0.000000000e+00
0.000000000e+00
0.000000000e+00
0.000000000e+00
0.000000000e+00
0.000000000e+00
0.000000000e+00
0.000000000e+00
0.000000000e+00
0.000000000e+00
0.000000000e+00
0.000000000e+00
0.000000000e+00
0.000000000e+00
0.000000000e+00
0.000000000e+00
0.000000000e+00
0.000000000e+00
0.000000000e+00
0.000000000e+00
0.000000000e+00
0.000000000e+00
0.000000000e+00
0.000000000e+00
0.000000000e+00
0.000000000e+00
0.000000000e+00
0.000000000e+00
0.000000000e+00
0.000000000e+00
0.000000000e+00
0.000000000e+00
0.000000000e+00
0.000000000e+00
0.000000000e+00
0.000000000e+00
0.000000000e+00
0.000000000e+00
0.000000000e+00
0.000000000e+00
0.000000000e+00
0.000000000e+00
0.000000000e+00
0.000000000e+00
0.000000000e+00
0.000000000e+00
0.000000000e+00
0.000000000e+00
0.000000000e+00
0.000000000e+00
0.000000000e+00
0.000000000e+00
0.000000000e+00
0.000000000e+00
1.598030303e-02
5.973809524e-02
0.000000000e+00
1.758665224e-02
3.058585859e-02
0.000000000e+00
0.000000000e+00
0.000000000e+00
0.000000000e+00
0.000000000e+00
0.000000000e+00
6.500000000e-03
5.501601732e-02
4.326495726e-02
7.165069264e-01
0.000000000e+00
7.229264069e-02
3.648345488e-01
1.186966034e-01
7.727619048e-02
5.886825397e-02
8.448412698e-02
7.406125541e-02
2.785067155e-02
5.990202020e-02
0.000000000e+00
4.998470418e-02
1.396542569e-01
3.815981241e-02
1.388096681e-01
5.296284271e-02
3.777777778e-03
2.143982684e-02
0.000000000e+00
0.000000000e+00
0.000000000e+00
0.000000000e+00
0.000000000e+00
0.000000000e+00
0.000000000e+00
0.000000000e+00
0.000000000e+00
0.000000000e+00
0.000000000e+00
0.000000000e+00
0.000000000e+00
0.000000000e+00
0.000000000e+00
0.000000000e+00
0.000000000e+00
0.000000000e+00
0.000000000e+00
0.000000000e+00
0.000000000e+00
0.000000000e+00
0.000000000e+00
0.000000000e+00
0.000000000e+00
0.000000000e+00
0.000000000e+00
0.000000000e+00
0.000000000e+00
0.000000000e+00
0.000000000e+00
0.000000000e+00
0.000000000e+00
0.000000000e+00
0.000000000e+00
0.000000000e+00
0.000000000e+00
0.000000000e+00
0.000000000e+00
0.000000000e+00
0.000000000e+00
0.000000000e+00
0.000000000e+00
0.000000000e+00
0.000000000e+00
0.000000000e+00
0.000000000e+00
0.000000000e+00
0.000000000e+00
0.000000000e+00
0.000000000e+00
0.000000000e+00
0.000000000e+00
0.000000000e+00
0.000000000e+00
0.000000000e+00
0.000000000e+00
0.000000000e+00
0.000000000e+00
0.000000000e+00
0.000000000e+00
0.000000000e+00
0.000000000e+00
0.000000000e+00
0.000000000e+00
0.000000000e+00
0.000000000e+00
0.000000000e+00
0.000000000e+00
0.000000000e+00
0.000000000e+00
0.000000000e+00
0.000000000e+00
0.000000000e+00
0.000000000e+00
0.000000000e+00
0.000000000e+00
0.000000000e+00
0.000000000e+00
0.000000000e+00
0.000000000e+00
0.000000000e+00
0.000000000e+00
0.000000000e+00
0.000000000e+00
0.000000000e+00
0.000000000e+00
0.000000000e+00
0.000000000e+00
0.000000000e+00
0.000000000e+00
0.000000000e+00
0.000000000e+00
0.000000000e+00
0.000000000e+00
0.000000000e+00
0.000000000e+00
0.000000000e+00
0.000000000e+00
0.000000000e+00
0.000000000e+00
0.000000000e+00
0.000000000e+00
0.000000000e+00
0.000000000e+00
0.000000000e+00
0.000000000e+00
0.000000000e+00
0.000000000e+00
0.000000000e+00
0.000000000e+00
0.000000000e+00
0.000000000e+00
4.447224442e-02
1.127619048e-02
0.000000000e+00
0.000000000e+00
0.000000000e+00
2.984931913e-01
2.866666667e-02
1.636363636e-03
1.134312199e-02
5.171428571e-02
0.000000000e+00
2.561904762e-02
0.000000000e+00
6.000000000e-03
0.000000000e+00
0.000000000e+00
1.661666667e-02
1.333333333e-03
4.000000000e-03
1.200000000e-02
4.000000000e-03
0.000000000e+00
0.000000000e+00
0.000000000e+00
2.920000000e-02
0.000000000e+00
0.000000000e+00
0.000000000e+00
2.057170752e-01
0.000000000e+00
0.000000000e+00
1.033807359e-01
4.337093596e-02
1.084712644e-02
4.666320346e-02
2.285006643e-01
9.800000000e-03
5.826112250e-02
3.023333333e-02
4.000000000e-03
2.800000000e-03
1.500000000e-02
8.480000000e-03
0.000000000e+00
1.550000000e-02
1.000000000e-02
3.724761905e-02
3.386666667e-02
4.000000000e-03
8.560000000e-02
5.000000000e-04
0.000000000e+00
0.000000000e+00
0.000000000e+00
0.000000000e+00
4.855303030e-02
4.944444444e-02
2.208585786e-02
0.000000000e+00
3.000000000e-03
2.578731311e-02
1.369590643e-02
0.000000000e+00
1.445714286e-02
1.900000000e-02
4.648961039e-02
9.500000000e-03
9.151737152e-02
0.000000000e+00
0.000000000e+00
8.000000000e-03
2.000000000e-02
0.000000000e+00
5.000000000e-03
0.000000000e+00
1.322222222e-02
0.000000000e+00
8.519914483e-02
0.000000000e+00
1.120000000e-02
8.000000000e-03
1.760000000e-02
5.000000000e-03
0.000000000e+00
5.104761905e-03
4.000000000e-03
0.000000000e+00
4.000000000e-03
0.000000000e+00
0.000000000e+00
1.251004329e-01
4.095000000e-02
3.426497278e-03
2.811111111e-02
0.000000000e+00
0.000000000e+00
4.375000000e-02
0.000000000e+00
1.400000000e-02
4.833333333e-03
2.000000000e-03
0.000000000e+00
2.000000000e-03
0.000000000e+00
1.333333333e-03
0.000000000e+00
0.000000000e+00
0.000000000e+00
8.000000000e-03
7.536945813e-03
0.000000000e+00
0.000000000e+00
0.000000000e+00
0.000000000e+00
6.666666667e-03
4.000000000e-03
1.200000000e-02
8.000000000e-04
4.000000000e-03
0.000000000e+00
0.000000000e+00
3.200000000e-03
1.600000000e-02
0.000000000e+00
0.000000000e+00
4.000000000e-03
0.000000000e+00
0.000000000e+00
0.000000000e+00
8.833333333e-03
1.333333333e-03
6.500000000e-03
0.000000000e+00
0.000000000e+00
1.839047619e-02
2.391666667e-02
0.000000000e+00
0.000000000e+00
0.000000000e+00
0.000000000e+00
0.000000000e+00
0.000000000e+00
1.000000000e-03
4.000000000e-03
8.000000000e-03
0.000000000e+00
2.210526316e-03
0.000000000e+00
0.000000000e+00
0.000000000e+00
2.000000000e-03
8.000000000e-03
0.000000000e+00
1.200000000e-02
1.200000000e-02
6.666666667e-03
0.000000000e+00
0.000000000e+00
4.000000000e-03
1.111111111e-02
4.000000000e-03
5.200000000e-03
0.000000000e+00
4.000000000e-03
0.000000000e+00
0.000000000e+00
0.000000000e+00
5.000000000e-04
4.000000000e-03
0.000000000e+00
6.000000000e-03
4.000000000e-03
0.000000000e+00
0.000000000e+00
0.000000000e+00
0.000000000e+00
4.000000000e-03
0.000000000e+00
2.000000000e-03
0.000000000e+00
1.066666667e-02
0.000000000e+00
0.000000000e+00
2.400000000e-03
0.000000000e+00
0.000000000e+00
5.517241379e-04
4.000000000e-03
4.000000000e-03
0.000000000e+00
6.000000000e-03
0.000000000e+00
4.800000000e-03
1.440000000e-02
0.000000000e+00
0.000000000e+00
0.000000000e+00
0.000000000e+00
0.000000000e+00
0.000000000e+00
1.213333333e-02
8.000000000e-03
2.000000000e-03
0.000000000e+00
0.000000000e+00
0.000000000e+00
1.371428571e-02
1.200000000e-02
0.000000000e+00
0.000000000e+00
0.000000000e+00
0.000000000e+00
4.800000000e-03
0.000000000e+00
0.000000000e+00
4.000000000e-03
0.000000000e+00
0.000000000e+00
0.000000000e+00
3.200000000e-03
0.000000000e+00
6.676190476e-03
1.600000000e-02
1.007857143e-02
0.000000000e+00
2.500000000e-03
4.000000000e-03
0.000000000e+00
0.000000000e+00
0.000000000e+00
0.000000000e+00
0.000000000e+00
0.000000000e+00
0.000000000e+00
1.113636364e-03
4.000000000e-03
0.000000000e+00
0.000000000e+00
0.000000000e+00
0.000000000e+00
1.333333333e-03
0.000000000e+00
0.000000000e+00
6.522222222e-03
2.000000000e-03
0.000000000e+00
0.000000000e+00
0.000000000e+00
0.000000000e+00
0.000000000e+00
1.485714286e-02
8.000000000e-03
0.000000000e+00
0.000000000e+00
0.000000000e+00
2.400000000e-03
0.000000000e+00
0.000000000e+00
4.000000000e-03
0.000000000e+00
4.000000000e-03
0.000000000e+00
4.000000000e-03
0.000000000e+00
4.000000000e-03
0.000000000e+00
0.000000000e+00
0.000000000e+00
0.000000000e+00
0.000000000e+00
1.846153846e-03
0.000000000e+00
5.333333333e-03
0.000000000e+00
0.000000000e+00
0.000000000e+00
8.000000000e-03
0.000000000e+00
0.000000000e+00
0.000000000e+00
0.000000000e+00
0.000000000e+00
0.000000000e+00
0.000000000e+00
0.000000000e+00
0.000000000e+00
0.000000000e+00
0.000000000e+00
0.000000000e+00
4.000000000e-03
0.000000000e+00
0.000000000e+00
4.666666667e-03
0.000000000e+00
4.333333333e-03
0.000000000e+00
0.000000000e+00
0.000000000e+00
9.333333333e-03
1.333333333e-03
0.000000000e+00
1.000000000e-03
2.255639098e-03
0.000000000e+00
0.000000000e+00
0.000000000e+00
8.000000000e-03
0.000000000e+00
4.000000000e-03
0.000000000e+00
0.000000000e+00
0.000000000e+00
0.000000000e+00
0.000000000e+00
0.000000000e+00
0.000000000e+00
0.000000000e+00
0.000000000e+00
0.000000000e+00
0.000000000e+00
0.000000000e+00
4.000000000e-03
0.000000000e+00
0.000000000e+00
0.000000000e+00
0.000000000e+00
0.000000000e+00
0.000000000e+00
3.200000000e-03
0.000000000e+00
0.000000000e+00
0.000000000e+00
5.777777778e-03
0.000000000e+00
7.333333333e-03
0.000000000e+00
0.000000000e+00
0.000000000e+00
0.000000000e+00
0.000000000e+00
0.000000000e+00
0.000000000e+00
0.000000000e+00
0.000000000e+00
4.000000000e-03
0.000000000e+00
0.000000000e+00
0.000000000e+00
0.000000000e+00
4.000000000e-03
0.000000000e+00
0.000000000e+00
0.000000000e+00
0.000000000e+00
0.000000000e+00
0.000000000e+00
0.000000000e+00
0.000000000e+00
0.000000000e+00
0.000000000e+00
0.000000000e+00
0.000000000e+00
0.000000000e+00
4.000000000e-03
0.000000000e+00
8.000000000e-03
0.000000000e+00
0.000000000e+00
0.000000000e+00
0.000000000e+00
0.000000000e+00
0.000000000e+00
0.000000000e+00
4.000000000e-03
0.000000000e+00
4.000000000e-03
0.000000000e+00
0.000000000e+00
0.000000000e+00
0.000000000e+00
0.000000000e+00
0.000000000e+00
0.000000000e+00
2.000000000e-03
0.000000000e+00
0.000000000e+00
0.000000000e+00
0.000000000e+00
0.000000000e+00
0.000000000e+00
0.000000000e+00
0.000000000e+00
0.000000000e+00
0.000000000e+00
0.000000000e+00
0.000000000e+00
0.000000000e+00
0.000000000e+00
0.000000000e+00
0.000000000e+00
8.000000000e-03
0.000000000e+00
0.000000000e+00
4.000000000e-03
4.000000000e-03
4.000000000e-03
4.000000000e-03
4.000000000e-03
4.000000000e-03
0.000000000e+00
4.000000000e-03
0.000000000e+00
4.000000000e-03
5.333333333e-03
0.000000000e+00
0.000000000e+00
0.000000000e+00
0.000000000e+00
0.000000000e+00
0.000000000e+00
0.000000000e+00
0.000000000e+00
0.000000000e+00
0.000000000e+00
0.000000000e+00
0.000000000e+00
0.000000000e+00
0.000000000e+00
0.000000000e+00
0.000000000e+00
0.000000000e+00
0.000000000e+00
0.000000000e+00
0.000000000e+00
0.000000000e+00
0.000000000e+00
0.000000000e+00
0.000000000e+00
0.000000000e+00
0.000000000e+00
0.000000000e+00
0.000000000e+00
0.000000000e+00
0.000000000e+00
0.000000000e+00
0.000000000e+00
0.000000000e+00
0.000000000e+00
0.000000000e+00
0.000000000e+00
0.000000000e+00
0.000000000e+00
0.000000000e+00
0.000000000e+00
0.000000000e+00
0.000000000e+00
0.000000000e+00
0.000000000e+00
0.000000000e+00
0.000000000e+00
0.000000000e+00
0.000000000e+00
0.000000000e+00
0.000000000e+00
0.000000000e+00
0.000000000e+00
0.000000000e+00
0.000000000e+00
0.000000000e+00
0.000000000e+00
0.000000000e+00
0.000000000e+00
0.000000000e+00
0.000000000e+00
0.000000000e+00
0.000000000e+00
0.000000000e+00
0.000000000e+00
0.000000000e+00
0.000000000e+00
0.000000000e+00
0.000000000e+00
0.000000000e+00
0.000000000e+00
0.000000000e+00
0.000000000e+00
0.000000000e+00
0.000000000e+00
1.768077787e-02
1.522403583e-03
5.804170061e-03
7.472986815e-01
9.547107134e-01
1.377676135e-01
7.889975483e-01
