0.000000000e+00
0.000000000e+00
0.000000000e+00
0.000000000e+00
0.000000000e+00
0.000000000e+00
0.000000000e+00
0.000000000e+00
0.000000000e+00
0.000000000e+00
0.000000000e+00
0.000000000e+00
0.000000000e+00
0.000000000e+00
0.000000000e+00
0.000000000e+00
0.000000000e+00
0.000000000e+00
0.000000000e+00
0.000000000e+00
0.000000000e+00
0.000000000e+00
0.000000000e+00
0.000000000e+00
0.000000000e+00
0.000000000e+00
0.000000000e+00
0.000000000e+00
0.000000000e+00
0.000000000e+00
0.000000000e+00
0.000000000e+00
0.000000000e+00
0.000000000e+00
0.000000000e+00
0.000000000e+00
0.000000000e+00
0.000000000e+00
0.000000000e+00
0.000000000e+00
0.000000000e+00
0.000000000e+00
0.000000000e+00
0.000000000e+00
0.000000000e+00
0.000000000e+00
0.000000000e+00
0.000000000e+00
0.000000000e+00
0.000000000e+00
0.000000000e+00
0.000000000e+00
0.000000000e+00
0.000000000e+00
0.000000000e+00
0.000000000e+00
0.000000000e+00
0.000000000e+00
0.000000000e+00
0.000000000e+00
0.000000000e+00
0.000000000e+00
0.000000000e+00
0.000000000e+00
0.000000000e+00
0.000000000e+00
0.000000000e+00
0.000000000e+00
0.000000000e+00
4.000000000e-03
4.571428571e-03
0.000000000e+00
0.000000000e+00
0.000000000e+00
0.000000000e+00
0.000000000e+00
0.000000000e+00
0.000000000e+00
0.000000000e+00
1.313333333e-02
0.000000000e+00
0.000000000e+00
4.571428571e-03
6.333333333e-03
0.000000000e+00
0.000000000e+00
0.000000000e+00
0.000000000e+00
0.000000000e+00
6.181587302e-02
1.557142857e-02
0.000000000e+00
6.785714286e-02
0.000000000e+00
0.000000000e+00
3.000000000e-03
0.000000000e+00
0.000000000e+00
0.000000000e+00
0.000000000e+00
1.238095238e-03
0.000000000e+00
0.000000000e+00
4.000000000e-03
1.391111111e-02
1.135301587e-01
0.000000000e+00
5.000000000e-03
5.904761905e-03
0.000000000e+00
0.000000000e+00
2.000000000e-03
0.000000000e+00
0.000000000e+00
0.000000000e+00
2.113333333e-02
0.000000000e+00
0.000000000e+00
3.333333333e-03
0.000000000e+00
0.000000000e+00
0.000000000e+00
0.000000000e+00
0.000000000e+00
0.000000000e+00
7.133333333e-03
0.000000000e+00
0.000000000e+00
0.000000000e+00
0.000000000e+00
3.546666667e-02
0.000000000e+00
2.166666667e-02
0.000000000e+00
0.000000000e+00
2.617777778e-02
0.000000000e+00
0.000000000e+00
0.000000000e+00
8.000000000e-03
0.000000000e+00
4.000000000e-03
0.000000000e+00
5.333333333e-03
0.000000000e+00
0.000000000e+00
0.000000000e+00
0.000000000e+00
4.155333333e-01
0.000000000e+00
0.000000000e+00
0.000000000e+00
0.000000000e+00
0.000000000e+00
0.000000000e+00
0.000000000e+00
0.000000000e+00
0.000000000e+00
5.800000000e-03
9.000000000e-03
0.000000000e+00
0.000000000e+00
0.000000000e+00
4.000000000e-03
0.000000000e+00
0.000000000e+00
0.000000000e+00
0.000000000e+00
0.000000000e+00
0.000000000e+00
0.000000000e+00
0.000000000e+00
0.000000000e+00
0.000000000e+00
0.000000000e+00
0.000000000e+00
0.000000000e+00
0.000000000e+00
0.000000000e+00
0.000000000e+00
0.000000000e+00
0.000000000e+00
0.000000000e+00
1.366666667e-02
0.000000000e+00
5.600000000e-03
0.000000000e+00
0.000000000e+00
0.000000000e+00
0.000000000e+00
0.000000000e+00
0.000000000e+00
0.000000000e+00
0.000000000e+00
0.000000000e+00
0.000000000e+00
0.000000000e+00
0.000000000e+00
0.000000000e+00
0.000000000e+00
0.000000000e+00
0.000000000e+00
0.000000000e+00
0.000000000e+00
0.000000000e+00
0.000000000e+00
0.000000000e+00
0.000000000e+00
4.371428571e-03
0.000000000e+00
0.000000000e+00
0.000000000e+00
0.000000000e+00
0.000000000e+00
0.000000000e+00
0.000000000e+00
0.000000000e+00
0.000000000e+00
0.000000000e+00
0.000000000e+00
0.000000000e+00
0.000000000e+00
0.000000000e+00
0.000000000e+00
0.000000000e+00
0.000000000e+00
0.000000000e+00
0.000000000e+00
0.000000000e+00
0.000000000e+00
0.000000000e+00
0.000000000e+00
0.000000000e+00
0.000000000e+00
0.000000000e+00
0.000000000e+00
0.000000000e+00
0.000000000e+00
0.000000000e+00
0.000000000e+00
0.000000000e+00
0.000000000e+00
0.000000000e+00
0.000000000e+00
0.000000000e+00
0.000000000e+00
0.000000000e+00
0.000000000e+00
0.000000000e+00
0.000000000e+00
0.000000000e+00
0.000000000e+00
0.000000000e+00
0.000000000e+00
0.000000000e+00
0.000000000e+00
0.000000000e+00
0.000000000e+00
0.000000000e+00
0.000000000e+00
0.000000000e+00
0.000000000e+00
0.000000000e+00
0.000000000e+00
0.000000000e+00
0.000000000e+00
0.000000000e+00
0.000000000e+00
0.000000000e+00
0.000000000e+00
0.000000000e+00
0.000000000e+00
0.000000000e+00
0.000000000e+00
0.000000000e+00
0.000000000e+00
0.000000000e+00
0.000000000e+00
0.000000000e+00
0.000000000e+00
0.000000000e+00
0.000000000e+00
0.000000000e+00
0.000000000e+00
0.000000000e+00
0.000000000e+00
0.000000000e+00
0.000000000e+00
0.000000000e+00
0.000000000e+00
0.000000000e+00
0.000000000e+00
0.000000000e+00
0.000000000e+00
0.000000000e+00
0.000000000e+00
0.000000000e+00
0.000000000e+00
0.000000000e+00
0.000000000e+00
0.000000000e+00
0.000000000e+00
0.000000000e+00
0.000000000e+00
0.000000000e+00
0.000000000e+00
0.000000000e+00
0.000000000e+00
0.000000000e+00
0.000000000e+00
0.000000000e+00
0.000000000e+00
0.000000000e+00
0.000000000e+00
0.000000000e+00
0.000000000e+00
0.000000000e+00
0.000000000e+00
0.000000000e+00
0.000000000e+00
0.000000000e+00
0.000000000e+00
0.000000000e+00
0.000000000e+00
0.000000000e+00
0.000000000e+00
0.000000000e+00
0.000000000e+00
0.000000000e+00
0.000000000e+00
0.000000000e+00
0.000000000e+00
3.904444444e-02
0.000000000e+00
0.000000000e+00
0.000000000e+00
0.000000000e+00
0.000000000e+00
0.000000000e+00
0.000000000e+00
3.346984127e-02
5.015873016e-03
0.000000000e+00
1.333333333e-03
0.000000000e+00
0.000000000e+00
0.000000000e+00
0.000000000e+00
0.000000000e+00
0.000000000e+00
0.000000000e+00
0.000000000e+00
0.000000000e+00
0.000000000e+00
0.000000000e+00
0.000000000e+00
0.000000000e+00
0.000000000e+00
0.000000000e+00
0.000000000e+00
0.000000000e+00
0.000000000e+00
0.000000000e+00
0.000000000e+00
0.000000000e+00
0.000000000e+00
0.000000000e+00
0.000000000e+00
0.000000000e+00
0.000000000e+00
0.000000000e+00
0.000000000e+00
0.000000000e+00
0.000000000e+00
0.000000000e+00
0.000000000e+00
0.000000000e+00
0.000000000e+00
0.000000000e+00
0.000000000e+00
0.000000000e+00
0.000000000e+00
0.000000000e+00
0.000000000e+00
0.000000000e+00
1.011111111e-02
0.000000000e+00
0.000000000e+00
1.000000000e-03
0.000000000e+00
1.000000000e-03
0.000000000e+00
0.000000000e+00
0.000000000e+00
0.000000000e+00
0.000000000e+00
0.000000000e+00
0.000000000e+00
0.000000000e+00
0.000000000e+00
0.000000000e+00
0.000000000e+00
0.000000000e+00
0.000000000e+00
0.000000000e+00
0.000000000e+00
0.000000000e+00
0.000000000e+00
0.000000000e+00
0.000000000e+00
0.000000000e+00
0.000000000e+00
0.000000000e+00
0.000000000e+00
0.000000000e+00
0.000000000e+00
0.000000000e+00
0.000000000e+00
0.000000000e+00
0.000000000e+00
0.000000000e+00
0.000000000e+00
0.000000000e+00
0.000000000e+00
0.000000000e+00
0.000000000e+00
0.000000000e+00
0.000000000e+00
0.000000000e+00
0.000000000e+00
0.000000000e+00
0.000000000e+00
1.954285714e-02
4.514920635e-02
0.000000000e+00
0.000000000e+00
0.000000000e+00
0.000000000e+00
0.000000000e+00
0.000000000e+00
0.000000000e+00
0.000000000e+00
0.000000000e+00
0.000000000e+00
0.000000000e+00
0.000000000e+00
0.000000000e+00
0.000000000e+00
0.000000000e+00
0.000000000e+00
0.000000000e+00
0.000000000e+00
0.000000000e+00
0.000000000e+00
0.000000000e+00
0.000000000e+00
0.000000000e+00
0.000000000e+00
0.000000000e+00
0.000000000e+00
0.000000000e+00
0.000000000e+00
0.000000000e+00
0.000000000e+00
0.000000000e+00
0.000000000e+00
0.000000000e+00
0.000000000e+00
0.000000000e+00
0.000000000e+00
0.000000000e+00
0.000000000e+00
0.000000000e+00
0.000000000e+00
0.000000000e+00
0.000000000e+00
0.000000000e+00
0.000000000e+00
0.000000000e+00
0.000000000e+00
0.000000000e+00
0.000000000e+00
0.000000000e+00
0.000000000e+00
0.000000000e+00
0.000000000e+00
0.000000000e+00
0.000000000e+00
0.000000000e+00
0.000000000e+00
0.000000000e+00
9.473333333e-02
7.333333333e-03
9.233333333e-02
0.000000000e+00
0.000000000e+00
0.000000000e+00
0.000000000e+00
0.000000000e+00
0.000000000e+00
0.000000000e+00
0.000000000e+00
0.000000000e+00
0.000000000e+00
0.000000000e+00
0.000000000e+00
0.000000000e+00
0.000000000e+00
0.000000000e+00
0.000000000e+00
0.000000000e+00
0.000000000e+00
0.000000000e+00
0.000000000e+00
0.000000000e+00
0.000000000e+00
0.000000000e+00
0.000000000e+00
0.000000000e+00
0.000000000e+00
0.000000000e+00
6.292698413e-02
1.291333333e-01
4.666666667e-02
9.573968254e-02
7.980952381e-02
2.354666667e-01
6.000000000e-03
0.000000000e+00
0.000000000e+00
0.000000000e+00
0.000000000e+00
0.000000000e+00
0.000000000e+00
0.000000000e+00
0.000000000e+00
0.000000000e+00
2.000000000e-03
5.714285714e-04
0.000000000e+00
0.000000000e+00
0.000000000e+00
0.000000000e+00
0.000000000e+00
0.000000000e+00
0.000000000e+00
0.000000000e+00
0.000000000e+00
0.000000000e+00
0.000000000e+00
0.000000000e+00
0.000000000e+00
0.000000000e+00
0.000000000e+00
0.000000000e+00
0.000000000e+00
0.000000000e+00
0.000000000e+00
0.000000000e+00
0.000000000e+00
0.000000000e+00
0.000000000e+00
0.000000000e+00
0.000000000e+00
0.000000000e+00
0.000000000e+00
0.000000000e+00
0.000000000e+00
0.000000000e+00
0.000000000e+00
0.000000000e+00
0.000000000e+00
0.000000000e+00
0.000000000e+00
0.000000000e+00
0.000000000e+00
0.000000000e+00
0.000000000e+00
0.000000000e+00
0.000000000e+00
0.000000000e+00
0.000000000e+00
0.000000000e+00
0.000000000e+00
0.000000000e+00
0.000000000e+00
0.000000000e+00
0.000000000e+00
0.000000000e+00
0.000000000e+00
0.000000000e+00
0.000000000e+00
0.000000000e+00
0.000000000e+00
0.000000000e+00
0.000000000e+00
0.000000000e+00
0.000000000e+00
0.000000000e+00
0.000000000e+00
0.000000000e+00
0.000000000e+00
0.000000000e+00
0.000000000e+00
0.000000000e+00
0.000000000e+00
0.000000000e+00
0.000000000e+00
0.000000000e+00
0.000000000e+00
0.000000000e+00
0.000000000e+00
0.000000000e+00
0.000000000e+00
0.000000000e+00
2.000000000e-03
0.000000000e+00
0.000000000e+00
0.000000000e+00
0.000000000e+00
4.000000000e-03
0.000000000e+00
0.000000000e+00
0.000000000e+00
0.000000000e+00
0.000000000e+00
0.000000000e+00
0.000000000e+00
0.000000000e+00
0.000000000e+00
0.000000000e+00
0.000000000e+00
0.000000000e+00
0.000000000e+00
0.000000000e+00
6.571428571e-03
0.000000000e+00
0.000000000e+00
0.000000000e+00
2.860952381e-02
0.000000000e+00
0.000000000e+00
6.349206349e-03
2.080000000e-02
7.615873016e-03
0.000000000e+00
2.666666667e-03
0.000000000e+00
0.000000000e+00
0.000000000e+00
0.000000000e+00
0.000000000e+00
0.000000000e+00
0.000000000e+00
0.000000000e+00
0.000000000e+00
0.000000000e+00
0.000000000e+00
0.000000000e+00
0.000000000e+00
0.000000000e+00
2.137142857e-02
0.000000000e+00
0.000000000e+00
0.000000000e+00
0.000000000e+00
0.000000000e+00
3.662222222e-02
0.000000000e+00
0.000000000e+00
3.080000000e-02
0.000000000e+00
0.000000000e+00
0.000000000e+00
1.877777778e-02
0.000000000e+00
0.000000000e+00
0.000000000e+00
0.000000000e+00
0.000000000e+00
6.666666667e-03
0.000000000e+00
0.000000000e+00
9.142857143e-03
0.000000000e+00
0.000000000e+00
0.000000000e+00
0.000000000e+00
0.000000000e+00
0.000000000e+00
0.000000000e+00
0.000000000e+00
0.000000000e+00
0.000000000e+00
0.000000000e+00
0.000000000e+00
5.120000000e-02
0.000000000e+00
0.000000000e+00
0.000000000e+00
0.000000000e+00
0.000000000e+00
0.000000000e+00
0.000000000e+00
0.000000000e+00
0.000000000e+00
0.000000000e+00
0.000000000e+00
0.000000000e+00
0.000000000e+00
0.000000000e+00
0.000000000e+00
0.000000000e+00
0.000000000e+00
5.600000000e-03
0.000000000e+00
0.000000000e+00
0.000000000e+00
0.000000000e+00
0.000000000e+00
0.000000000e+00
0.000000000e+00
0.000000000e+00
0.000000000e+00
0.000000000e+00
0.000000000e+00
0.000000000e+00
0.000000000e+00
0.000000000e+00
0.000000000e+00
0.000000000e+00
0.000000000e+00
0.000000000e+00
0.000000000e+00
0.000000000e+00
0.000000000e+00
0.000000000e+00
0.000000000e+00
0.000000000e+00
0.000000000e+00
0.000000000e+00
0.000000000e+00
0.000000000e+00
0.000000000e+00
0.000000000e+00
0.000000000e+00
0.000000000e+00
0.000000000e+00
0.000000000e+00
0.000000000e+00
0.000000000e+00
0.000000000e+00
0.000000000e+00
0.000000000e+00
0.000000000e+00
0.000000000e+00
0.000000000e+00
0.000000000e+00
0.000000000e+00
0.000000000e+00
0.000000000e+00
0.000000000e+00
0.000000000e+00
0.000000000e+00
0.000000000e+00
0.000000000e+00
0.000000000e+00
0.000000000e+00
0.000000000e+00
0.000000000e+00
0.000000000e+00
0.000000000e+00
0.000000000e+00
0.000000000e+00
0.000000000e+00
0.000000000e+00
0.000000000e+00
0.000000000e+00
0.000000000e+00
0.000000000e+00
0.000000000e+00
0.000000000e+00
0.000000000e+00
0.000000000e+00
0.000000000e+00
0.000000000e+00
0.000000000e+00
0.000000000e+00
0.000000000e+00
0.000000000e+00
0.000000000e+00
0.000000000e+00
0.000000000e+00
0.000000000e+00
0.000000000e+00
0.000000000e+00
0.000000000e+00
0.000000000e+00
0.000000000e+00
0.000000000e+00
0.000000000e+00
0.000000000e+00
0.000000000e+00
0.000000000e+00
0.000000000e+00
0.000000000e+00
0.000000000e+00
0.000000000e+00
0.000000000e+00
0.000000000e+00
0.000000000e+00
0.000000000e+00
0.000000000e+00
0.000000000e+00
0.000000000e+00
0.000000000e+00
0.000000000e+00
0.000000000e+00
0.000000000e+00
0.000000000e+00
0.000000000e+00
0.000000000e+00
0.000000000e+00
0.000000000e+00
0.000000000e+00
0.000000000e+00
0.000000000e+00
0.000000000e+00
0.000000000e+00
0.000000000e+00
0.000000000e+00
0.000000000e+00
0.000000000e+00
0.000000000e+00
0.000000000e+00
0.000000000e+00
0.000000000e+00
0.000000000e+00
0.000000000e+00
0.000000000e+00
0.000000000e+00
0.000000000e+00
0.000000000e+00
0.000000000e+00
0.000000000e+00
0.000000000e+00
0.000000000e+00
0.000000000e+00
0.000000000e+00
0.000000000e+00
0.000000000e+00
0.000000000e+00
0.000000000e+00
0.000000000e+00
0.000000000e+00
0.000000000e+00
0.000000000e+00
0.000000000e+00
0.000000000e+00
0.000000000e+00
0.000000000e+00
1.150031746e-01
8.111111111e-03
0.000000000e+00
0.000000000e+00
0.000000000e+00
0.000000000e+00
0.000000000e+00
0.000000000e+00
0.000000000e+00
0.000000000e+00
0.000000000e+00
0.000000000e+00
0.000000000e+00
0.000000000e+00
0.000000000e+00
0.000000000e+00
0.000000000e+00
0.000000000e+00
0.000000000e+00
0.000000000e+00
0.000000000e+00
0.000000000e+00
0.000000000e+00
0.000000000e+00
0.000000000e+00
0.000000000e+00
0.000000000e+00
0.000000000e+00
0.000000000e+00
0.000000000e+00
0.000000000e+00
0.000000000e+00
0.000000000e+00
0.000000000e+00
0.000000000e+00
0.000000000e+00
0.000000000e+00
0.000000000e+00
0.000000000e+00
0.000000000e+00
0.000000000e+00
0.000000000e+00
0.000000000e+00
0.000000000e+00
0.000000000e+00
0.000000000e+00
0.000000000e+00
0.000000000e+00
0.000000000e+00
0.000000000e+00
0.000000000e+00
0.000000000e+00
0.000000000e+00
0.000000000e+00
0.000000000e+00
0.000000000e+00
0.000000000e+00
0.000000000e+00
0.000000000e+00
0.000000000e+00
0.000000000e+00
0.000000000e+00
0.000000000e+00
0.000000000e+00
0.000000000e+00
0.000000000e+00
0.000000000e+00
0.000000000e+00
0.000000000e+00
0.000000000e+00
0.000000000e+00
0.000000000e+00
0.000000000e+00
0.000000000e+00
0.000000000e+00
0.000000000e+00
0.000000000e+00
0.000000000e+00
0.000000000e+00
0.000000000e+00
0.000000000e+00
0.000000000e+00
0.000000000e+00
0.000000000e+00
0.000000000e+00
0.000000000e+00
0.000000000e+00
0.000000000e+00
0.000000000e+00
0.000000000e+00
0.000000000e+00
0.000000000e+00
0.000000000e+00
0.000000000e+00
0.000000000e+00
0.000000000e+00
0.000000000e+00
0.000000000e+00
0.000000000e+00
0.000000000e+00
0.000000000e+00
0.000000000e+00
0.000000000e+00
0.000000000e+00
0.000000000e+00
0.000000000e+00
0.000000000e+00
1.333333333e-03
0.000000000e+00
0.000000000e+00
0.000000000e+00
0.000000000e+00
0.000000000e+00
0.000000000e+00
0.000000000e+00
0.000000000e+00
0.000000000e+00
0.000000000e+00
0.000000000e+00
0.000000000e+00
0.000000000e+00
0.000000000e+00
0.000000000e+00
0.000000000e+00
0.000000000e+00
0.000000000e+00
0.000000000e+00
0.000000000e+00
0.000000000e+00
0.000000000e+00
0.000000000e+00
0.000000000e+00
0.000000000e+00
0.000000000e+00
0.000000000e+00
0.000000000e+00
0.000000000e+00
2.190476190e-02
0.000000000e+00
0.000000000e+00
0.000000000e+00
0.000000000e+00
0.000000000e+00
0.000000000e+00
0.000000000e+00
9.313333333e-02
1.426666667e-01
7.386666667e-02
1.780000000e-02
0.000000000e+00
0.000000000e+00
0.000000000e+00
0.000000000e+00
0.000000000e+00
0.000000000e+00
0.000000000e+00
0.000000000e+00
0.000000000e+00
0.000000000e+00
0.000000000e+00
0.000000000e+00
0.000000000e+00
0.000000000e+00
0.000000000e+00
0.000000000e+00
0.000000000e+00
0.000000000e+00
0.000000000e+00
0.000000000e+00
0.000000000e+00
0.000000000e+00
0.000000000e+00
0.000000000e+00
0.000000000e+00
0.000000000e+00
0.000000000e+00
0.000000000e+00
0.000000000e+00
0.000000000e+00
1.968000000e-01
3.206666667e-02
1.626666667e-01
1.642000000e-01
1.513333333e-01
3.000000000e-03
8.285396825e-02
4.666666667e-03
0.000000000e+00
0.000000000e+00
0.000000000e+00
0.000000000e+00
0.000000000e+00
0.000000000e+00
0.000000000e+00
0.000000000e+00
3.366340736e-01
3.153553114e-02
8.000000000e-03
1.525818182e-02
9.265714286e-02
0.000000000e+00
9.466666667e-03
0.000000000e+00
0.000000000e+00
0.000000000e+00
0.000000000e+00
8.666666667e-03
4.000000000e-03
1.400000000e-02
1.400000000e-02
0.000000000e+00
1.920000000e-02
0.000000000e+00
0.000000000e+00
1.671428571e-02
0.000000000e+00
2.142857143e-03
0.000000000e+00
6.554951374e-02
0.000000000e+00
0.000000000e+00
7.264616883e-02
1.600000000e-02
8.471428571e-03
7.681818182e-02
1.938919580e-01
1.452727273e-02
2.325000000e-02
5.755555556e-02
0.000000000e+00
1.098953488e-02
6.857142857e-03
1.600000000e-02
0.000000000e+00
1.897619048e-02
1.840000000e-02
4.666666667e-02
2.000000000e-02
5.000000000e-03
1.247912088e-01
4.000000000e-03
4.250000000e-03
4.000000000e-03
0.000000000e+00
4.000000000e-03
6.533333333e-02
2.825974026e-02
4.000000000e-03
0.000000000e+00
0.000000000e+00
9.000000000e-03
1.444848485e-02
3.011428571e-03
2.000000000e-03
2.486666667e-02
9.175324675e-03
2.900000000e-03
6.717768180e-02
0.000000000e+00
0.000000000e+00
6.000000000e-03
1.720000000e-02
1.400000000e-02
4.000000000e-03
0.000000000e+00
8.000000000e-03
0.000000000e+00
8.698865801e-02
0.000000000e+00
0.000000000e+00
4.000000000e-03
4.000000000e-03
0.000000000e+00
8.000000000e-03
0.000000000e+00
1.676923077e-02
0.000000000e+00
4.000000000e-03
0.000000000e+00
0.000000000e+00
3.728048618e-02
7.316071429e-02
0.000000000e+00
1.621666667e-02
0.000000000e+00
0.000000000e+00
5.085714286e-02
0.000000000e+00
1.440000000e-02
0.000000000e+00
0.000000000e+00
0.000000000e+00
0.000000000e+00
0.000000000e+00
0.000000000e+00
0.000000000e+00
0.000000000e+00
0.000000000e+00
2.500000000e-03
9.440000000e-03
0.000000000e+00
4.000000000e-03
0.000000000e+00
0.000000000e+00
0.000000000e+00
4.000000000e-03
4.000000000e-03
6.857142857e-03
4.000000000e-03
0.000000000e+00
0.000000000e+00
5.270727877e-02
8.000000000e-03
0.000000000e+00
0.000000000e+00
0.000000000e+00
0.000000000e+00
2.400000000e-03
0.000000000e+00
4.000000000e-03
0.000000000e+00
1.360000000e-02
4.800000000e-03
0.000000000e+00
3.853208791e-02
4.640000000e-02
0.000000000e+00
8.000000000e-03
0.000000000e+00
4.000000000e-03
4.000000000e-03
0.000000000e+00
6.026666667e-03
0.000000000e+00
4.000000000e-03
4.000000000e-03
0.000000000e+00
0.000000000e+00
0.000000000e+00
0.000000000e+00
0.000000000e+00
0.000000000e+00
0.000000000e+00
1.146666667e-02
2.146666667e-02
4.000000000e-03
0.000000000e+00
1.200000000e-02
3.500000000e-03
5.714285714e-03
8.000000000e-03
9.000000000e-03
0.000000000e+00
0.000000000e+00
0.000000000e+00
0.000000000e+00
0.000000000e+00
0.000000000e+00
0.000000000e+00
0.000000000e+00
4.000000000e-03
0.000000000e+00
0.000000000e+00
0.000000000e+00
0.000000000e+00
0.000000000e+00
4.000000000e-03
0.000000000e+00
0.000000000e+00
0.000000000e+00
4.000000000e-02
0.000000000e+00
4.000000000e-03
3.272727273e-03
0.000000000e+00
0.000000000e+00
0.000000000e+00
4.000000000e-03
4.000000000e-03
8.000000000e-03
0.000000000e+00
0.000000000e+00
0.000000000e+00
2.184000000e-02
0.000000000e+00
0.000000000e+00
0.000000000e+00
1.200000000e-02
0.000000000e+00
0.000000000e+00
4.000000000e-03
0.000000000e+00
2.857142857e-03
0.000000000e+00
0.000000000e+00
0.000000000e+00
4.000000000e-03
1.000000000e-02
0.000000000e+00
0.000000000e+00
0.000000000e+00
0.000000000e+00
4.000000000e-03
2.000000000e-03
0.000000000e+00
3.200000000e-03
0.000000000e+00
0.000000000e+00
0.000000000e+00
0.000000000e+00
0.000000000e+00
6.956709957e-03
1.600000000e-02
8.800000000e-03
0.000000000e+00
4.000000000e-03
4.000000000e-03
0.000000000e+00
0.000000000e+00
0.000000000e+00
0.000000000e+00
0.000000000e+00
0.000000000e+00
0.000000000e+00
1.381818182e-03
0.000000000e+00
0.000000000e+00
0.000000000e+00
4.000000000e-03
0.000000000e+00
4.000000000e-03
7.500000000e-04
0.000000000e+00
1.125000000e-03
0.000000000e+00
0.000000000e+00
0.000000000e+00
0.000000000e+00
0.000000000e+00
0.000000000e+00
4.000000000e-03
0.000000000e+00
0.000000000e+00
1.714285714e-03
0.000000000e+00
0.000000000e+00
0.000000000e+00
0.000000000e+00
0.000000000e+00
0.000000000e+00
4.000000000e-03
0.000000000e+00
0.000000000e+00
0.000000000e+00
4.000000000e-03
0.000000000e+00
4.000000000e-03
4.800000000e-03
0.000000000e+00
0.000000000e+00
4.000000000e-03
0.000000000e+00
0.000000000e+00
0.000000000e+00
0.000000000e+00
0.000000000e+00
0.000000000e+00
0.000000000e+00
0.000000000e+00
0.000000000e+00
0.000000000e+00
0.000000000e+00
0.000000000e+00
0.000000000e+00
0.000000000e+00
0.000000000e+00
0.000000000e+00
0.000000000e+00
8.000000000e-03
0.000000000e+00
0.000000000e+00
0.000000000e+00
4.000000000e-03
0.000000000e+00
0.000000000e+00
0.000000000e+00
0.000000000e+00
0.000000000e+00
4.620000000e-02
4.000000000e-03
4.000000000e-03
0.000000000e+00
2.800000000e-03
0.000000000e+00
0.000000000e+00
0.000000000e+00
0.000000000e+00
3.636363636e-04
0.000000000e+00
0.000000000e+00
0.000000000e+00
0.000000000e+00
0.000000000e+00
0.000000000e+00
0.000000000e+00
0.000000000e+00
0.000000000e+00
0.000000000e+00
0.000000000e+00
0.000000000e+00
0.000000000e+00
0.000000000e+00
0.000000000e+00
0.000000000e+00
4.000000000e-03
4.000000000e-03
0.000000000e+00
8.285714286e-03
0.000000000e+00
4.000000000e-03
0.000000000e+00
0.000000000e+00
2.000000000e-03
0.000000000e+00
0.000000000e+00
0.000000000e+00
0.000000000e+00
0.000000000e+00
0.000000000e+00
0.000000000e+00
0.000000000e+00
0.000000000e+00
0.000000000e+00
0.000000000e+00
0.000000000e+00
0.000000000e+00
0.000000000e+00
0.000000000e+00
4.000000000e-03
0.000000000e+00
0.000000000e+00
0.000000000e+00
0.000000000e+00
0.000000000e+00
0.000000000e+00
0.000000000e+00
0.000000000e+00
0.000000000e+00
0.000000000e+00
0.000000000e+00
0.000000000e+00
0.000000000e+00
4.000000000e-03
0.000000000e+00
0.000000000e+00
0.000000000e+00
0.000000000e+00
0.000000000e+00
0.000000000e+00
0.000000000e+00
0.000000000e+00
0.000000000e+00
0.000000000e+00
8.000000000e-03
0.000000000e+00
0.000000000e+00
0.000000000e+00
4.000000000e-03
0.000000000e+00
0.000000000e+00
0.000000000e+00
0.000000000e+00
0.000000000e+00
0.000000000e+00
0.000000000e+00
4.000000000e-03
0.000000000e+00
0.000000000e+00
0.000000000e+00
0.000000000e+00
4.000000000e-03
0.000000000e+00
1.857142857e-03
0.000000000e+00
0.000000000e+00
0.000000000e+00
0.000000000e+00
0.000000000e+00
0.000000000e+00
0.000000000e+00
0.000000000e+00
0.000000000e+00
0.000000000e+00
0.000000000e+00
8.000000000e-03
4.000000000e-03
0.000000000e+00
0.000000000e+00
0.000000000e+00
0.000000000e+00
0.000000000e+00
0.000000000e+00
0.000000000e+00
0.000000000e+00
0.000000000e+00
0.000000000e+00
0.000000000e+00
8.000000000e-03
0.000000000e+00
0.000000000e+00
4.000000000e-03
0.000000000e+00
0.000000000e+00
0.000000000e+00
0.000000000e+00
0.000000000e+00
0.000000000e+00
0.000000000e+00
0.000000000e+00
0.000000000e+00
0.000000000e+00
0.000000000e+00
0.000000000e+00
0.000000000e+00
0.000000000e+00
0.000000000e+00
0.000000000e+00
0.000000000e+00
0.000000000e+00
0.000000000e+00
0.000000000e+00
0.000000000e+00
0.000000000e+00
0.000000000e+00
0.000000000e+00
0.000000000e+00
2.023255814e-03
4.000000000e-03
0.000000000e+00
0.000000000e+00
0.000000000e+00
4.000000000e-03
0.000000000e+00
0.000000000e+00
0.000000000e+00
0.000000000e+00
0.000000000e+00
4.000000000e-03
0.000000000e+00
0.000000000e+00
0.000000000e+00
0.000000000e+00
0.000000000e+00
0.000000000e+00
0.000000000e+00
0.000000000e+00
0.000000000e+00
0.000000000e+00
0.000000000e+00
0.000000000e+00
0.000000000e+00
0.000000000e+00
0.000000000e+00
0.000000000e+00
0.000000000e+00
0.000000000e+00
0.000000000e+00
0.000000000e+00
0.000000000e+00
0.000000000e+00
0.000000000e+00
0.000000000e+00
0.000000000e+00
2.285714286e-03
4.000000000e-03
4.000000000e-03
4.000000000e-03
4.000000000e-03
1.748462403e-02
1.207768991e-03
5.345963894e-03
7.110443212e-01
9.721009206e-01
1.586215739e-01
7.810741421e-01
