-7.239164114e-01
-7.181711197e-01
-1.612822056e+00
9.903618693e-01
-9.102914929e-01
-8.421170712e-01
-9.251118302e-01
-8.760073781e-01
9.439285398e-01
1.264919519e+00
-7.638009787e-01
-7.801791430e-01
1.328426480e+00
1.565082908e+00
1.682302356e+00
1.811826944e+00
2.436220646e-01
1.219439745e+00
-1.838487983e+00
-1.677649379e+00
-1.725419402e+00
-1.497812748e+00
1.566430807e+00
1.659141660e+00
-6.935269237e-01
-3.260444701e-01
3.150552511e-01
-6.099697948e-01
-5.448666215e-01
4.186548293e-01
2.484481633e-01
-6.627196074e-01
8.259848952e-01
4.140315056e-01
2.559141070e-02
5.726180077e-01
