-8.689833283e-01
-8.454108238e-01
-1.913929701e+00
1.170462132e+00
-1.076198220e+00
-9.922251701e-01
-1.084551692e+00
-1.037787676e+00
1.108048439e+00
1.497133493e+00
-9.044398665e-01
-9.095627666e-01
1.474312901e+00
1.725625992e+00
1.871995687e+00
2.015882969e+00
2.601707876e-01
1.350395918e+00
-2.034484386e+00
-1.862751842e+00
-1.911332011e+00
-1.666960955e+00
1.745639443e+00
1.850506067e+00
-6.935269237e-01
-3.260444701e-01
3.150552511e-01
-6.099697948e-01
-5.448666215e-01
4.186548293e-01
2.484481633e-01
-6.627196074e-01
8.259848952e-01
4.140315056e-01
2.559141070e-02
5.726180077e-01
