-8.689832687e-01
-8.454107046e-01
-1.913929582e+00
1.170462132e+00
-1.076198339e+00
-9.922251701e-01
-1.084551692e+00
-1.037787795e+00
1.108048439e+00
1.497133493e+00
-9.044398665e-01
-9.095626473e-01
1.474312901e+00
1.725625992e+00
1.871995449e+00
2.015882969e+00
2.601707578e-01
1.350395799e+00
-2.034484386e+00
-1.862751842e+00
-1.911332011e+00
-1.666960835e+00
1.745639682e+00
1.850506186e+00
-6.935269237e-01
-3.260444701e-01
3.150552511e-01
-6.099697948e-01
-5.448666215e-01
4.186548293e-01
2.484481633e-01
-6.627196074e-01
8.259848952e-01
4.140315056e-01
2.559141070e-02
5.726180077e-01
