-7.856403589e-01
-7.768933773e-01
-1.741458058e+00
1.068089843e+00
-9.796251059e-01
-9.117478132e-01
-9.949285388e-01
-9.487885833e-01
1.021042585e+00
1.370992422e+00
-8.234272003e-01
-8.338305950e-01
1.525775433e+00
1.772918940e+00
1.912984133e+00
2.075453281e+00
2.610362470e-01
1.394555330e+00
-2.089626789e+00
-1.909034610e+00
-1.959911346e+00
-1.720705509e+00
1.794906259e+00
1.904293060e+00
-6.935269237e-01
-3.260444701e-01
3.150552511e-01
-6.099697948e-01
-5.448666215e-01
4.186548293e-01
2.484481633e-01
-6.627196074e-01
8.259848952e-01
4.140315056e-01
2.559141070e-02
5.726180077e-01
