-7.856403589e-01
-7.768933773e-01
-1.741458178e+00
1.068089962e+00
-9.796250463e-01
-9.117477536e-01
-9.949285984e-01
-9.487887025e-01
1.021042466e+00
1.370992422e+00
-8.234271407e-01
-8.338307142e-01
1.525775433e+00
1.772918940e+00
1.912984133e+00
2.075453281e+00
2.610362768e-01
1.394555330e+00
-2.089626789e+00
-1.909034610e+00
-1.959911346e+00
-1.720705867e+00
1.794906259e+00
1.904293060e+00
-6.935269237e-01
-3.260444701e-01
3.150552511e-01
-6.099697948e-01
-5.448666215e-01
4.186548293e-01
2.484481633e-01
-6.627196074e-01
8.259848952e-01
4.140315056e-01
2.559141070e-02
5.726180077e-01
