-1.428105950e+00
-1.353330135e+00
-3.064013481e+00
1.845512867e+00
-1.702894568e+00
-1.573427916e+00
-1.708214521e+00
-1.666367412e+00
1.724209666e+00
2.390254021e+00
-1.473248005e+00
-1.414767861e+00
1.314750195e+00
1.552803874e+00
1.662896276e+00
1.792232037e+00
2.409285158e-01
1.210189700e+00
-1.818464875e+00
-1.658440113e+00
-1.709514022e+00
-1.483448386e+00
1.551758289e+00
1.644605517e+00
-6.935269237e-01
-3.260444701e-01
3.150552511e-01
-6.099697948e-01
-5.448666215e-01
4.186548293e-01
2.484481633e-01
-6.627196074e-01
8.259848952e-01
4.140315056e-01
2.559141070e-02
5.726180077e-01
