-1.412742496e+00
-1.338048220e+00
-3.033257008e+00
1.825100899e+00
-1.685936451e+00
-1.559406281e+00
-1.692403793e+00
-1.647315383e+00
1.708988309e+00
2.365715981e+00
-1.455101609e+00
-1.403714657e+00
1.250437737e+00
1.484756708e+00
1.587253451e+00
1.707558870e+00
2.349565029e-01
1.154409409e+00
-1.738245130e+00
-1.583366752e+00
-1.632923841e+00
-1.409753084e+00
1.476638436e+00
1.565729380e+00
-6.935269237e-01
-3.260444701e-01
3.150552511e-01
-6.099697948e-01
-5.448666215e-01
4.186548293e-01
2.484481633e-01
-6.627196074e-01
8.259848952e-01
4.140315056e-01
2.559141070e-02
5.726180077e-01
