0.000000000e+00
0.000000000e+00
0.000000000e+00
0.000000000e+00
0.000000000e+00
0.000000000e+00
0.000000000e+00
0.000000000e+00
0.000000000e+00
0.000000000e+00
0.000000000e+00
0.000000000e+00
0.000000000e+00
0.000000000e+00
0.000000000e+00
0.000000000e+00
0.000000000e+00
0.000000000e+00
0.000000000e+00
0.000000000e+00
0.000000000e+00
0.000000000e+00
0.000000000e+00
0.000000000e+00
0.000000000e+00
0.000000000e+00
0.000000000e+00
0.000000000e+00
0.000000000e+00
0.000000000e+00
0.000000000e+00
0.000000000e+00
0.000000000e+00
0.000000000e+00
0.000000000e+00
0.000000000e+00
0.000000000e+00
0.000000000e+00
0.000000000e+00
0.000000000e+00
0.000000000e+00
0.000000000e+00
0.000000000e+00
0.000000000e+00
0.000000000e+00
0.000000000e+00
0.000000000e+00
0.000000000e+00
0.000000000e+00
0.000000000e+00
0.000000000e+00
0.000000000e+00
0.000000000e+00
0.000000000e+00
0.000000000e+00
0.000000000e+00
0.000000000e+00
0.000000000e+00
0.000000000e+00
0.000000000e+00
0.000000000e+00
0.000000000e+00
0.000000000e+00
0.000000000e+00
0.000000000e+00
0.000000000e+00
0.000000000e+00
0.000000000e+00
0.000000000e+00
0.000000000e+00
0.000000000e+00
0.000000000e+00
0.000000000e+00
0.000000000e+00
0.000000000e+00
0.000000000e+00
0.000000000e+00
0.000000000e+00
0.000000000e+00
0.000000000e+00
0.000000000e+00
0.000000000e+00
0.000000000e+00
0.000000000e+00
0.000000000e+00
0.000000000e+00
0.000000000e+00
0.000000000e+00
0.000000000e+00
0.000000000e+00
0.000000000e+00
0.000000000e+00
0.000000000e+00
0.000000000e+00
0.000000000e+00
0.000000000e+00
0.000000000e+00
0.000000000e+00
0.000000000e+00
0.000000000e+00
0.000000000e+00
0.000000000e+00
0.000000000e+00
0.000000000e+00
0.000000000e+00
0.000000000e+00
0.000000000e+00
0.000000000e+00
0.000000000e+00
0.000000000e+00
0.000000000e+00
0.000000000e+00
0.000000000e+00
0.000000000e+00
0.000000000e+00
0.000000000e+00
0.000000000e+00
0.000000000e+00
0.000000000e+00
0.000000000e+00
0.000000000e+00
0.000000000e+00
0.000000000e+00
0.000000000e+00
0.000000000e+00
0.000000000e+00
0.000000000e+00
0.000000000e+00
0.000000000e+00
0.000000000e+00
0.000000000e+00
0.000000000e+00
0.000000000e+00
0.000000000e+00
0.000000000e+00
0.000000000e+00
0.000000000e+00
0.000000000e+00
0.000000000e+00
0.000000000e+00
0.000000000e+00
0.000000000e+00
0.000000000e+00
0.000000000e+00
0.000000000e+00
0.000000000e+00
0.000000000e+00
0.000000000e+00
0.000000000e+00
0.000000000e+00
0.000000000e+00
0.000000000e+00
0.000000000e+00
0.000000000e+00
0.000000000e+00
0.000000000e+00
0.000000000e+00
0.000000000e+00
0.000000000e+00
0.000000000e+00
0.000000000e+00
0.000000000e+00
0.000000000e+00
0.000000000e+00
0.000000000e+00
0.000000000e+00
0.000000000e+00
0.000000000e+00
0.000000000e+00
0.000000000e+00
0.000000000e+00
0.000000000e+00
0.000000000e+00
0.000000000e+00
0.000000000e+00
0.000000000e+00
0.000000000e+00
0.000000000e+00
0.000000000e+00
0.000000000e+00
0.000000000e+00
0.000000000e+00
0.000000000e+00
0.000000000e+00
0.000000000e+00
0.000000000e+00
0.000000000e+00
0.000000000e+00
0.000000000e+00
0.000000000e+00
0.000000000e+00
0.000000000e+00
0.000000000e+00
0.000000000e+00
0.000000000e+00
0.000000000e+00
0.000000000e+00
0.000000000e+00
0.000000000e+00
0.000000000e+00
0.000000000e+00
0.000000000e+00
0.000000000e+00
0.000000000e+00
0.000000000e+00
0.000000000e+00
0.000000000e+00
0.000000000e+00
0.000000000e+00
0.000000000e+00
0.000000000e+00
0.000000000e+00
0.000000000e+00
0.000000000e+00
0.000000000e+00
0.000000000e+00
0.000000000e+00
6.000000000e-03
9.635757576e-02
2.313333333e-02
1.749021645e-01
1.855779221e-01
6.513809524e-02
1.019666667e-01
2.260000000e-02
2.619696970e-02
0.000000000e+00
4.173809524e-02
1.813463203e-01
3.850476190e-02
5.850476190e-02
7.357142857e-02
2.365974026e-01
1.064939394e-01
2.300000000e-02
7.763636364e-03
4.923333333e-02
7.218787879e-02
7.000000000e-03
4.397142857e-02
4.636363636e-02
8.249696970e-02
6.000000000e-03
1.726666667e-02
2.080000000e-02
1.272666667e-01
1.746666667e-02
8.456666667e-02
4.916666667e-02
1.438575758e-01
1.239666667e-01
5.657142857e-02
1.180000000e-02
4.523333333e-02
7.863333333e-02
1.029047619e-01
1.899696970e-02
8.000000000e-03
8.440000000e-02
1.416666667e-02
6.450000000e-02
6.866666667e-02
3.617142857e-02
6.503809524e-02
3.366666667e-02
7.033376623e-02
3.033333333e-02
2.243030303e-02
3.907142857e-02
3.366666667e-02
5.000000000e-03
1.400000000e-02
1.420000000e-02
5.146666667e-02
9.796969697e-03
5.767142857e-02
2.393333333e-02
3.830303030e-03
1.613333333e-02
5.153333333e-02
3.026666667e-02
6.463030303e-02
2.423333333e-02
5.133333333e-03
4.773333333e-02
7.800000000e-03
5.792727273e-02
2.186666667e-02
2.000000000e-03
2.333333333e-03
0.000000000e+00
1.616060606e-02
1.746666667e-02
4.323809524e-02
1.929696970e-02
0.000000000e+00
0.000000000e+00
0.000000000e+00
0.000000000e+00
0.000000000e+00
0.000000000e+00
0.000000000e+00
0.000000000e+00
0.000000000e+00
0.000000000e+00
0.000000000e+00
0.000000000e+00
0.000000000e+00
0.000000000e+00
0.000000000e+00
0.000000000e+00
0.000000000e+00
0.000000000e+00
0.000000000e+00
0.000000000e+00
0.000000000e+00
0.000000000e+00
0.000000000e+00
0.000000000e+00
0.000000000e+00
0.000000000e+00
0.000000000e+00
0.000000000e+00
0.000000000e+00
0.000000000e+00
0.000000000e+00
0.000000000e+00
0.000000000e+00
0.000000000e+00
0.000000000e+00
0.000000000e+00
0.000000000e+00
0.000000000e+00
0.000000000e+00
0.000000000e+00
0.000000000e+00
0.000000000e+00
0.000000000e+00
0.000000000e+00
0.000000000e+00
0.000000000e+00
0.000000000e+00
0.000000000e+00
0.000000000e+00
0.000000000e+00
0.000000000e+00
0.000000000e+00
0.000000000e+00
0.000000000e+00
0.000000000e+00
0.000000000e+00
0.000000000e+00
0.000000000e+00
0.000000000e+00
0.000000000e+00
0.000000000e+00
0.000000000e+00
0.000000000e+00
0.000000000e+00
0.000000000e+00
0.000000000e+00
0.000000000e+00
0.000000000e+00
0.000000000e+00
0.000000000e+00
0.000000000e+00
0.000000000e+00
0.000000000e+00
0.000000000e+00
0.000000000e+00
0.000000000e+00
0.000000000e+00
0.000000000e+00
0.000000000e+00
0.000000000e+00
0.000000000e+00
0.000000000e+00
0.000000000e+00
0.000000000e+00
0.000000000e+00
0.000000000e+00
0.000000000e+00
0.000000000e+00
0.000000000e+00
0.000000000e+00
0.000000000e+00
0.000000000e+00
0.000000000e+00
0.000000000e+00
0.000000000e+00
0.000000000e+00
0.000000000e+00
0.000000000e+00
0.000000000e+00
0.000000000e+00
0.000000000e+00
0.000000000e+00
0.000000000e+00
0.000000000e+00
0.000000000e+00
0.000000000e+00
0.000000000e+00
0.000000000e+00
0.000000000e+00
0.000000000e+00
0.000000000e+00
0.000000000e+00
0.000000000e+00
0.000000000e+00
0.000000000e+00
0.000000000e+00
0.000000000e+00
0.000000000e+00
0.000000000e+00
0.000000000e+00
0.000000000e+00
0.000000000e+00
0.000000000e+00
0.000000000e+00
0.000000000e+00
0.000000000e+00
0.000000000e+00
0.000000000e+00
0.000000000e+00
0.000000000e+00
0.000000000e+00
0.000000000e+00
0.000000000e+00
0.000000000e+00
0.000000000e+00
0.000000000e+00
0.000000000e+00
0.000000000e+00
0.000000000e+00
0.000000000e+00
0.000000000e+00
0.000000000e+00
0.000000000e+00
0.000000000e+00
0.000000000e+00
0.000000000e+00
0.000000000e+00
0.000000000e+00
0.000000000e+00
0.000000000e+00
0.000000000e+00
0.000000000e+00
0.000000000e+00
0.000000000e+00
0.000000000e+00
0.000000000e+00
0.000000000e+00
0.000000000e+00
0.000000000e+00
0.000000000e+00
0.000000000e+00
0.000000000e+00
0.000000000e+00
0.000000000e+00
0.000000000e+00
0.000000000e+00
0.000000000e+00
0.000000000e+00
0.000000000e+00
0.000000000e+00
0.000000000e+00
0.000000000e+00
0.000000000e+00
0.000000000e+00
0.000000000e+00
0.000000000e+00
0.000000000e+00
0.000000000e+00
0.000000000e+00
0.000000000e+00
0.000000000e+00
0.000000000e+00
0.000000000e+00
0.000000000e+00
0.000000000e+00
0.000000000e+00
0.000000000e+00
0.000000000e+00
0.000000000e+00
0.000000000e+00
0.000000000e+00
0.000000000e+00
0.000000000e+00
0.000000000e+00
0.000000000e+00
0.000000000e+00
0.000000000e+00
0.000000000e+00
0.000000000e+00
0.000000000e+00
0.000000000e+00
0.000000000e+00
0.000000000e+00
0.000000000e+00
0.000000000e+00
0.000000000e+00
0.000000000e+00
0.000000000e+00
0.000000000e+00
0.000000000e+00
0.000000000e+00
0.000000000e+00
0.000000000e+00
0.000000000e+00
0.000000000e+00
0.000000000e+00
0.000000000e+00
0.000000000e+00
0.000000000e+00
0.000000000e+00
0.000000000e+00
0.000000000e+00
0.000000000e+00
0.000000000e+00
0.000000000e+00
0.000000000e+00
0.000000000e+00
0.000000000e+00
0.000000000e+00
0.000000000e+00
0.000000000e+00
0.000000000e+00
0.000000000e+00
1.054575758e-01
1.127017316e-01
1.278653680e-01
8.800000000e-03
0.000000000e+00
0.000000000e+00
0.000000000e+00
0.000000000e+00
0.000000000e+00
0.000000000e+00
0.000000000e+00
0.000000000e+00
0.000000000e+00
0.000000000e+00
0.000000000e+00
0.000000000e+00
0.000000000e+00
0.000000000e+00
0.000000000e+00
0.000000000e+00
0.000000000e+00
0.000000000e+00
0.000000000e+00
0.000000000e+00
0.000000000e+00
0.000000000e+00
0.000000000e+00
0.000000000e+00
0.000000000e+00
0.000000000e+00
0.000000000e+00
0.000000000e+00
0.000000000e+00
0.000000000e+00
0.000000000e+00
0.000000000e+00
0.000000000e+00
0.000000000e+00
0.000000000e+00
0.000000000e+00
0.000000000e+00
0.000000000e+00
0.000000000e+00
0.000000000e+00
0.000000000e+00
0.000000000e+00
0.000000000e+00
0.000000000e+00
0.000000000e+00
0.000000000e+00
0.000000000e+00
0.000000000e+00
0.000000000e+00
0.000000000e+00
0.000000000e+00
0.000000000e+00
0.000000000e+00
0.000000000e+00
0.000000000e+00
0.000000000e+00
0.000000000e+00
0.000000000e+00
0.000000000e+00
0.000000000e+00
0.000000000e+00
0.000000000e+00
0.000000000e+00
0.000000000e+00
0.000000000e+00
0.000000000e+00
0.000000000e+00
0.000000000e+00
0.000000000e+00
0.000000000e+00
0.000000000e+00
0.000000000e+00
0.000000000e+00
0.000000000e+00
0.000000000e+00
0.000000000e+00
0.000000000e+00
0.000000000e+00
0.000000000e+00
0.000000000e+00
0.000000000e+00
0.000000000e+00
0.000000000e+00
0.000000000e+00
0.000000000e+00
0.000000000e+00
0.000000000e+00
0.000000000e+00
0.000000000e+00
0.000000000e+00
0.000000000e+00
0.000000000e+00
0.000000000e+00
0.000000000e+00
0.000000000e+00
0.000000000e+00
0.000000000e+00
0.000000000e+00
0.000000000e+00
0.000000000e+00
0.000000000e+00
0.000000000e+00
0.000000000e+00
0.000000000e+00
0.000000000e+00
0.000000000e+00
0.000000000e+00
0.000000000e+00
0.000000000e+00
0.000000000e+00
0.000000000e+00
0.000000000e+00
0.000000000e+00
0.000000000e+00
0.000000000e+00
0.000000000e+00
0.000000000e+00
0.000000000e+00
0.000000000e+00
0.000000000e+00
0.000000000e+00
0.000000000e+00
0.000000000e+00
0.000000000e+00
0.000000000e+00
0.000000000e+00
0.000000000e+00
0.000000000e+00
0.000000000e+00
0.000000000e+00
0.000000000e+00
0.000000000e+00
0.000000000e+00
0.000000000e+00
0.000000000e+00
0.000000000e+00
0.000000000e+00
0.000000000e+00
0.000000000e+00
0.000000000e+00
0.000000000e+00
0.000000000e+00
0.000000000e+00
0.000000000e+00
0.000000000e+00
0.000000000e+00
0.000000000e+00
0.000000000e+00
0.000000000e+00
0.000000000e+00
0.000000000e+00
0.000000000e+00
0.000000000e+00
0.000000000e+00
0.000000000e+00
0.000000000e+00
0.000000000e+00
0.000000000e+00
0.000000000e+00
0.000000000e+00
0.000000000e+00
0.000000000e+00
0.000000000e+00
0.000000000e+00
0.000000000e+00
0.000000000e+00
0.000000000e+00
0.000000000e+00
0.000000000e+00
0.000000000e+00
0.000000000e+00
0.000000000e+00
0.000000000e+00
0.000000000e+00
0.000000000e+00
0.000000000e+00
0.000000000e+00
0.000000000e+00
0.000000000e+00
0.000000000e+00
0.000000000e+00
0.000000000e+00
0.000000000e+00
0.000000000e+00
0.000000000e+00
0.000000000e+00
0.000000000e+00
0.000000000e+00
0.000000000e+00
0.000000000e+00
0.000000000e+00
0.000000000e+00
0.000000000e+00
0.000000000e+00
0.000000000e+00
0.000000000e+00
0.000000000e+00
0.000000000e+00
0.000000000e+00
0.000000000e+00
0.000000000e+00
0.000000000e+00
0.000000000e+00
0.000000000e+00
0.000000000e+00
0.000000000e+00
0.000000000e+00
0.000000000e+00
0.000000000e+00
0.000000000e+00
0.000000000e+00
0.000000000e+00
0.000000000e+00
0.000000000e+00
9.343506494e-02
3.305558442e-01
1.580000000e-02
2.011445887e-01
2.127112554e-01
7.579567100e-02
2.056666667e-02
1.500000000e-02
2.046666667e-02
0.000000000e+00
4.180000000e-02
1.500212121e-01
5.329393939e-02
2.782428571e-01
3.950476190e-02
1.857142857e-02
6.996060606e-02
3.063333333e-02
3.866666667e-02
2.766666667e-02
2.826666667e-02
8.430000000e-02
8.000000000e-04
3.863333333e-02
1.800000000e-02
3.179064935e-01
5.246666667e-02
2.347142857e-02
1.880000000e-02
2.130000000e-02
7.317619048e-02
5.410000000e-02
6.000000000e-02
5.000000000e-04
1.400761905e-01
1.494285714e-02
5.673809524e-02
4.090000000e-02
3.404017316e-01
1.230337662e-01
3.000000000e-03
0.000000000e+00
1.080380952e-01
1.457333333e-01
1.264731602e-01
9.133333333e-03
1.446666667e-02
3.346666667e-02
7.333333333e-03
4.843333333e-02
4.617619048e-02
7.433333333e-02
1.220545455e-01
6.596363636e-02
4.733333333e-02
1.078939394e-01
3.940000000e-02
1.113333333e-02
1.200000000e-02
1.946666667e-02
8.838095238e-03
9.588095238e-02
2.286666667e-02
2.867142857e-02
2.163030303e-02
4.297142857e-02
2.209696970e-02
2.593333333e-02
4.000000000e-03
2.553333333e-02
0.000000000e+00
0.000000000e+00
0.000000000e+00
0.000000000e+00
0.000000000e+00
0.000000000e+00
0.000000000e+00
0.000000000e+00
0.000000000e+00
0.000000000e+00
0.000000000e+00
0.000000000e+00
0.000000000e+00
0.000000000e+00
0.000000000e+00
0.000000000e+00
0.000000000e+00
0.000000000e+00
0.000000000e+00
0.000000000e+00
0.000000000e+00
0.000000000e+00
0.000000000e+00
0.000000000e+00
0.000000000e+00
0.000000000e+00
0.000000000e+00
0.000000000e+00
0.000000000e+00
0.000000000e+00
0.000000000e+00
0.000000000e+00
0.000000000e+00
0.000000000e+00
0.000000000e+00
0.000000000e+00
0.000000000e+00
0.000000000e+00
0.000000000e+00
0.000000000e+00
0.000000000e+00
0.000000000e+00
0.000000000e+00
0.000000000e+00
0.000000000e+00
0.000000000e+00
0.000000000e+00
0.000000000e+00
0.000000000e+00
0.000000000e+00
0.000000000e+00
0.000000000e+00
0.000000000e+00
0.000000000e+00
0.000000000e+00
0.000000000e+00
0.000000000e+00
0.000000000e+00
0.000000000e+00
0.000000000e+00
0.000000000e+00
0.000000000e+00
0.000000000e+00
0.000000000e+00
0.000000000e+00
0.000000000e+00
0.000000000e+00
0.000000000e+00
0.000000000e+00
0.000000000e+00
0.000000000e+00
0.000000000e+00
0.000000000e+00
0.000000000e+00
0.000000000e+00
0.000000000e+00
0.000000000e+00
0.000000000e+00
0.000000000e+00
0.000000000e+00
0.000000000e+00
0.000000000e+00
0.000000000e+00
0.000000000e+00
0.000000000e+00
0.000000000e+00
0.000000000e+00
0.000000000e+00
0.000000000e+00
0.000000000e+00
0.000000000e+00
0.000000000e+00
0.000000000e+00
0.000000000e+00
0.000000000e+00
0.000000000e+00
0.000000000e+00
0.000000000e+00
0.000000000e+00
0.000000000e+00
0.000000000e+00
0.000000000e+00
0.000000000e+00
0.000000000e+00
0.000000000e+00
0.000000000e+00
0.000000000e+00
0.000000000e+00
0.000000000e+00
0.000000000e+00
0.000000000e+00
0.000000000e+00
0.000000000e+00
0.000000000e+00
0.000000000e+00
0.000000000e+00
0.000000000e+00
0.000000000e+00
0.000000000e+00
0.000000000e+00
0.000000000e+00
0.000000000e+00
0.000000000e+00
0.000000000e+00
0.000000000e+00
0.000000000e+00
0.000000000e+00
0.000000000e+00
0.000000000e+00
0.000000000e+00
0.000000000e+00
0.000000000e+00
0.000000000e+00
0.000000000e+00
0.000000000e+00
0.000000000e+00
0.000000000e+00
0.000000000e+00
0.000000000e+00
0.000000000e+00
0.000000000e+00
0.000000000e+00
0.000000000e+00
0.000000000e+00
0.000000000e+00
0.000000000e+00
0.000000000e+00
0.000000000e+00
0.000000000e+00
0.000000000e+00
0.000000000e+00
0.000000000e+00
0.000000000e+00
0.000000000e+00
0.000000000e+00
0.000000000e+00
0.000000000e+00
0.000000000e+00
0.000000000e+00
0.000000000e+00
0.000000000e+00
0.000000000e+00
0.000000000e+00
0.000000000e+00
0.000000000e+00
0.000000000e+00
0.000000000e+00
0.000000000e+00
0.000000000e+00
0.000000000e+00
0.000000000e+00
0.000000000e+00
0.000000000e+00
0.000000000e+00
0.000000000e+00
0.000000000e+00
0.000000000e+00
0.000000000e+00
0.000000000e+00
0.000000000e+00
0.000000000e+00
0.000000000e+00
0.000000000e+00
0.000000000e+00
0.000000000e+00
0.000000000e+00
0.000000000e+00
0.000000000e+00
0.000000000e+00
0.000000000e+00
0.000000000e+00
0.000000000e+00
0.000000000e+00
0.000000000e+00
0.000000000e+00
0.000000000e+00
0.000000000e+00
0.000000000e+00
0.000000000e+00
0.000000000e+00
0.000000000e+00
0.000000000e+00
0.000000000e+00
0.000000000e+00
0.000000000e+00
0.000000000e+00
0.000000000e+00
0.000000000e+00
0.000000000e+00
0.000000000e+00
0.000000000e+00
0.000000000e+00
0.000000000e+00
0.000000000e+00
0.000000000e+00
0.000000000e+00
0.000000000e+00
0.000000000e+00
0.000000000e+00
0.000000000e+00
0.000000000e+00
0.000000000e+00
0.000000000e+00
0.000000000e+00
0.000000000e+00
0.000000000e+00
0.000000000e+00
0.000000000e+00
0.000000000e+00
0.000000000e+00
0.000000000e+00
0.000000000e+00
0.000000000e+00
2.702727273e-02
3.727142857e-02
0.000000000e+00
0.000000000e+00
0.000000000e+00
0.000000000e+00
0.000000000e+00
3.950654324e-01
9.714270153e-03
0.000000000e+00
6.166666667e-03
7.133333333e-02
0.000000000e+00
1.197198880e-02
0.000000000e+00
4.078431373e-03
0.000000000e+00
8.000000000e-03
4.000000000e-03
0.000000000e+00
4.000000000e-03
2.800000000e-02
0.000000000e+00
5.000000000e-03
0.000000000e+00
6.000000000e-03
1.121428571e-02
0.000000000e+00
0.000000000e+00
4.000000000e-03
7.106054238e-02
0.000000000e+00
4.000000000e-03
5.785022671e-02
4.930480593e-02
5.555555556e-03
3.019470046e-02
1.219828144e-01
1.319047619e-02
1.203850772e-01
2.066666667e-02
2.000000000e-03
0.000000000e+00
0.000000000e+00
2.513131313e-02
0.000000000e+00
2.741176471e-02
1.247058824e-02
1.914285714e-02
5.176470588e-02
2.666666667e-03
4.544285714e-02
0.000000000e+00
0.000000000e+00
4.000000000e-03
0.000000000e+00
0.000000000e+00
2.561176471e-02
8.000000000e-03
2.155555556e-02
0.000000000e+00
0.000000000e+00
8.666666667e-03
4.000000000e-03
5.714285714e-04
8.000000000e-04
8.900000000e-03
0.000000000e+00
7.500000000e-03
2.326428571e-02
0.000000000e+00
0.000000000e+00
0.000000000e+00
1.800000000e-02
0.000000000e+00
0.000000000e+00
4.000000000e-03
0.000000000e+00
0.000000000e+00
1.082399327e-01
0.000000000e+00
4.000000000e-03
4.000000000e-03
1.044444444e-02
0.000000000e+00
9.000000000e-03
3.113725490e-03
3.300000000e-02
0.000000000e+00
8.000000000e-03
0.000000000e+00
4.000000000e-03
8.343793490e-03
4.764350272e-02
1.714285714e-03
1.527058824e-02
2.400000000e-02
0.000000000e+00
5.196119929e-02
0.000000000e+00
1.128571429e-02
4.869565217e-03
0.000000000e+00
4.000000000e-03
4.000000000e-03
4.000000000e-03
0.000000000e+00
0.000000000e+00
0.000000000e+00
0.000000000e+00
8.666666667e-03
3.200000000e-03
0.000000000e+00
0.000000000e+00
8.000000000e-03
0.000000000e+00
0.000000000e+00
3.000000000e-03
0.000000000e+00
3.529411765e-03
5.000000000e-03
0.000000000e+00
0.000000000e+00
5.026850649e-02
4.342857143e-03
4.000000000e-03
9.200000000e-03
0.000000000e+00
0.000000000e+00
0.000000000e+00
0.000000000e+00
0.000000000e+00
0.000000000e+00
4.000000000e-03
4.000000000e-03
0.000000000e+00
8.477981485e-02
2.992156863e-02
0.000000000e+00
8.000000000e-03
0.000000000e+00
0.000000000e+00
0.000000000e+00
0.000000000e+00
7.800000000e-03
2.738888889e-02
1.600000000e-02
1.000000000e-03
0.000000000e+00
1.999078341e-02
0.000000000e+00
0.000000000e+00
0.000000000e+00
4.000000000e-03
0.000000000e+00
0.000000000e+00
0.000000000e+00
0.000000000e+00
0.000000000e+00
4.000000000e-03
0.000000000e+00
1.155844156e-02
8.000000000e-03
2.600000000e-02
0.000000000e+00
4.705882353e-03
0.000000000e+00
0.000000000e+00
0.000000000e+00
0.000000000e+00
0.000000000e+00
0.000000000e+00
5.200000000e-03
4.000000000e-03
0.000000000e+00
6.666666667e-04
0.000000000e+00
0.000000000e+00
1.200000000e-02
0.000000000e+00
1.200000000e-03
0.000000000e+00
2.000000000e-03
0.000000000e+00
0.000000000e+00
2.257894737e-02
0.000000000e+00
9.600000000e-04
0.000000000e+00
0.000000000e+00
0.000000000e+00
0.000000000e+00
0.000000000e+00
4.000000000e-03
0.000000000e+00
4.000000000e-03
0.000000000e+00
0.000000000e+00
0.000000000e+00
2.000000000e-03
1.481481481e-04
0.000000000e+00
4.363636364e-03
0.000000000e+00
0.000000000e+00
0.000000000e+00
0.000000000e+00
0.000000000e+00
4.000000000e-03
0.000000000e+00
0.000000000e+00
0.000000000e+00
0.000000000e+00
7.909090909e-03
4.000000000e-03
0.000000000e+00
0.000000000e+00
0.000000000e+00
0.000000000e+00
0.000000000e+00
0.000000000e+00
4.000000000e-03
0.000000000e+00
3.666666667e-03
2.431746032e-03
0.000000000e+00
0.000000000e+00
7.272727273e-03
7.272727273e-03
6.666666667e-04
0.000000000e+00
0.000000000e+00
0.000000000e+00
0.000000000e+00
0.000000000e+00
0.000000000e+00
0.000000000e+00
0.000000000e+00
0.000000000e+00
0.000000000e+00
0.000000000e+00
0.000000000e+00
0.000000000e+00
1.000000000e-03
0.000000000e+00
1.866666667e-03
0.000000000e+00
0.000000000e+00
0.000000000e+00
0.000000000e+00
1.010000000e-02
2.000000000e-03
0.000000000e+00
0.000000000e+00
0.000000000e+00
0.000000000e+00
0.000000000e+00
0.000000000e+00
0.000000000e+00
4.000000000e-03
2.000000000e-03
0.000000000e+00
0.000000000e+00
4.000000000e-03
0.000000000e+00
0.000000000e+00
0.000000000e+00
0.000000000e+00
1.200000000e-02
4.000000000e-03
6.000000000e-03
0.000000000e+00
1.305555556e-02
0.000000000e+00
0.000000000e+00
0.000000000e+00
0.000000000e+00
0.000000000e+00
0.000000000e+00
0.000000000e+00
0.000000000e+00
0.000000000e+00
0.000000000e+00
0.000000000e+00
0.000000000e+00
0.000000000e+00
0.000000000e+00
0.000000000e+00
0.000000000e+00
0.000000000e+00
0.000000000e+00
0.000000000e+00
0.000000000e+00
0.000000000e+00
2.000000000e-02
0.000000000e+00
0.000000000e+00
0.000000000e+00
0.000000000e+00
0.000000000e+00
1.234285714e-02
0.000000000e+00
4.000000000e-03
0.000000000e+00
0.000000000e+00
0.000000000e+00
0.000000000e+00
0.000000000e+00
2.000000000e-02
0.000000000e+00
0.000000000e+00
0.000000000e+00
0.000000000e+00
0.000000000e+00
0.000000000e+00
0.000000000e+00
0.000000000e+00
0.000000000e+00
0.000000000e+00
0.000000000e+00
0.000000000e+00
0.000000000e+00
0.000000000e+00
0.000000000e+00
0.000000000e+00
0.000000000e+00
0.000000000e+00
0.000000000e+00
0.000000000e+00
0.000000000e+00
0.000000000e+00
0.000000000e+00
0.000000000e+00
0.000000000e+00
0.000000000e+00
0.000000000e+00
0.000000000e+00
0.000000000e+00
0.000000000e+00
2.666666667e-03
4.000000000e-03
0.000000000e+00
0.000000000e+00
0.000000000e+00
8.000000000e-04
4.000000000e-03
1.157894737e-02
0.000000000e+00
0.000000000e+00
0.000000000e+00
4.000000000e-03
1.600000000e-03
0.000000000e+00
0.000000000e+00
4.000000000e-03
0.000000000e+00
0.000000000e+00
0.000000000e+00
4.000000000e-03
2.000000000e-03
4.000000000e-03
0.000000000e+00
4.000000000e-03
0.000000000e+00
0.000000000e+00
0.000000000e+00
0.000000000e+00
0.000000000e+00
0.000000000e+00
0.000000000e+00
4.000000000e-03
0.000000000e+00
0.000000000e+00
0.000000000e+00
1.111111111e-03
0.000000000e+00
0.000000000e+00
0.000000000e+00
0.000000000e+00
0.000000000e+00
0.000000000e+00
0.000000000e+00
0.000000000e+00
0.000000000e+00
0.000000000e+00
0.000000000e+00
0.000000000e+00
0.000000000e+00
0.000000000e+00
0.000000000e+00
0.000000000e+00
0.000000000e+00
0.000000000e+00
0.000000000e+00
0.000000000e+00
0.000000000e+00
0.000000000e+00
0.000000000e+00
0.000000000e+00
0.000000000e+00
0.000000000e+00
0.000000000e+00
0.000000000e+00
0.000000000e+00
0.000000000e+00
0.000000000e+00
0.000000000e+00
0.000000000e+00
0.000000000e+00
0.000000000e+00
0.000000000e+00
0.000000000e+00
0.000000000e+00
0.000000000e+00
0.000000000e+00
0.000000000e+00
0.000000000e+00
0.000000000e+00
0.000000000e+00
0.000000000e+00
0.000000000e+00
0.000000000e+00
0.000000000e+00
0.000000000e+00
0.000000000e+00
0.000000000e+00
0.000000000e+00
0.000000000e+00
0.000000000e+00
0.000000000e+00
0.000000000e+00
0.000000000e+00
0.000000000e+00
0.000000000e+00
0.000000000e+00
0.000000000e+00
0.000000000e+00
0.000000000e+00
0.000000000e+00
0.000000000e+00
0.000000000e+00
0.000000000e+00
0.000000000e+00
0.000000000e+00
0.000000000e+00
0.000000000e+00
0.000000000e+00
0.000000000e+00
0.000000000e+00
0.000000000e+00
0.000000000e+00
0.000000000e+00
0.000000000e+00
0.000000000e+00
0.000000000e+00
0.000000000e+00
0.000000000e+00
0.000000000e+00
0.000000000e+00
0.000000000e+00
0.000000000e+00
0.000000000e+00
0.000000000e+00
0.000000000e+00
0.000000000e+00
0.000000000e+00
0.000000000e+00
0.000000000e+00
0.000000000e+00
0.000000000e+00
0.000000000e+00
0.000000000e+00
0.000000000e+00
0.000000000e+00
0.000000000e+00
0.000000000e+00
0.000000000e+00
0.000000000e+00
0.000000000e+00
0.000000000e+00
0.000000000e+00
0.000000000e+00
0.000000000e+00
0.000000000e+00
0.000000000e+00
0.000000000e+00
0.000000000e+00
0.000000000e+00
0.000000000e+00
0.000000000e+00
1.854880976e-02
2.336788392e-03
5.592250497e-03
7.192972747e-01
9.708783908e-01
1.392053879e-01
7.850011842e-01
