-8.954522014e-01
-8.757253289e-01
-1.970785141e+00
1.204773068e+00
-1.112171650e+00
-1.026151299e+00
-1.119366765e+00
-1.074583173e+00
1.137715101e+00
1.547730207e+00
-9.356326461e-01
-9.335272312e-01
1.161295414e+00
1.393497825e+00
1.489840627e+00
1.594285369e+00
2.255172282e-01
1.079757690e+00
-1.630594850e+00
-1.488678813e+00
-1.529898167e+00
-1.314454675e+00
1.380447388e+00
1.460349441e+00
-6.935269237e-01
-3.260444701e-01
3.150552511e-01
-6.099697948e-01
-5.448666215e-01
4.186548293e-01
2.484481633e-01
-6.627196074e-01
8.259848952e-01
4.140315056e-01
2.559141070e-02
5.726180077e-01
