-7.446825504e-01
-7.343246341e-01
-1.642562985e+00
1.001240015e+00
-9.240986705e-01
-8.578878045e-01
-9.408552051e-01
-8.923335075e-01
9.643556476e-01
1.290056586e+00
-7.759352922e-01
-7.915751338e-01
1.164922595e+00
1.398355007e+00
1.491310596e+00
1.599368453e+00
2.268319577e-01
1.083362818e+00
-1.634410739e+00
-1.489478588e+00
-1.533944368e+00
-1.318365574e+00
1.382817626e+00
1.463883042e+00
-6.935269237e-01
-3.260444701e-01
3.150552511e-01
-6.099697948e-01
-5.448666215e-01
4.186548293e-01
2.484481633e-01
-6.627196074e-01
8.259848952e-01
4.140315056e-01
2.559141070e-02
5.726180077e-01
