-8.193265796e-01
-8.056999445e-01
-1.797548771e+00
1.097570419e+00
-1.018962979e+00
-9.357665777e-01
-1.031595826e+00
-9.770557880e-01
1.046117783e+00
1.413699865e+00
-8.498381376e-01
-8.638840914e-01
1.663429856e+00
1.918041229e+00
2.088176727e+00
2.260652542e+00
2.785370648e-01
1.510537267e+00
-2.266809702e+00
-2.076573133e+00
-2.129264116e+00
-1.875555038e+00
1.956665277e+00
2.076811790e+00
-6.935269237e-01
-3.260444701e-01
3.150552511e-01
-6.099697948e-01
-5.448666215e-01
4.186548293e-01
2.484481633e-01
-6.627196074e-01
8.259848952e-01
4.140315056e-01
2.559141070e-02
5.726180077e-01
