-8.240736723e-01
-8.055148721e-01
-1.808158517e+00
1.105561495e+00
-1.021971941e+00
-9.392040372e-01
-1.032149434e+00
-9.823096395e-01
1.048633337e+00
1.412959695e+00
-8.544330001e-01
-8.686473370e-01
1.341150880e+00
1.579270363e+00
1.700996161e+00
1.831125259e+00
2.423737496e-01
1.228078365e+00
-1.857020140e+00
-1.695406199e+00
-1.741400361e+00
-1.515073895e+00
1.584164381e+00
1.677635908e+00
-6.935269237e-01
-3.260444701e-01
3.150552511e-01
-6.099697948e-01
-5.448666215e-01
4.186548293e-01
2.484481633e-01
-6.627196074e-01
8.259848952e-01
4.140315056e-01
2.559141070e-02
5.726180077e-01
