-8.835483193e-01
-8.642274737e-01
-1.937073350e+00
1.175210238e+00
-1.077932477e+00
-1.004181027e+00
-1.100222468e+00
-1.049058557e+00
1.111090064e+00
1.516189933e+00
-9.181678891e-01
-9.175059199e-01
1.348894477e+00
1.590412259e+00
1.707952142e+00
1.840150833e+00
2.443974763e-01
1.238835812e+00
-1.864455700e+00
-1.703079224e+00
-1.750052452e+00
-1.523624182e+00
1.591595888e+00
1.686431170e+00
-6.935269237e-01
-3.260444701e-01
3.150552511e-01
-6.099697948e-01
-5.448666215e-01
4.186548293e-01
2.484481633e-01
-6.627196074e-01
8.259848952e-01
4.140315056e-01
2.559141070e-02
5.726180077e-01
