-9.287110567e-01
-8.968999386e-01
-2.032987833e+00
1.233315110e+00
-1.133748889e+00
-1.061139107e+00
-1.148798943e+00
-1.100467801e+00
1.164762855e+00
1.589567184e+00
-9.632329345e-01
-9.692140818e-01
1.910152078e+00
2.163816690e+00
2.373858213e+00
2.579890251e+00
2.976677716e-01
1.713728428e+00
-2.572274685e+00
-2.358964682e+00
-2.412617683e+00
-2.146498919e+00
2.232543945e+00
2.367355585e+00
-6.935269237e-01
-3.260444701e-01
3.150552511e-01
-6.099697948e-01
-5.448666215e-01
4.186548293e-01
2.484481633e-01
-6.627196074e-01
8.259848952e-01
4.140315056e-01
2.559141070e-02
5.726180077e-01
