0.000000000e+00
0.000000000e+00
0.000000000e+00
0.000000000e+00
0.000000000e+00
0.000000000e+00
0.000000000e+00
0.000000000e+00
0.000000000e+00
0.000000000e+00
0.000000000e+00
0.000000000e+00
0.000000000e+00
0.000000000e+00
0.000000000e+00
0.000000000e+00
0.000000000e+00
0.000000000e+00
0.000000000e+00
0.000000000e+00
0.000000000e+00
0.000000000e+00
0.000000000e+00
0.000000000e+00
0.000000000e+00
0.000000000e+00
0.000000000e+00
0.000000000e+00
0.000000000e+00
0.000000000e+00
0.000000000e+00
0.000000000e+00
0.000000000e+00
0.000000000e+00
0.000000000e+00
0.000000000e+00
0.000000000e+00
0.000000000e+00
0.000000000e+00
0.000000000e+00
0.000000000e+00
0.000000000e+00
0.000000000e+00
0.000000000e+00
0.000000000e+00
0.000000000e+00
0.000000000e+00
0.000000000e+00
0.000000000e+00
0.000000000e+00
0.000000000e+00
0.000000000e+00
0.000000000e+00
0.000000000e+00
0.000000000e+00
0.000000000e+00
0.000000000e+00
0.000000000e+00
0.000000000e+00
0.000000000e+00
0.000000000e+00
0.000000000e+00
0.000000000e+00
0.000000000e+00
0.000000000e+00
0.000000000e+00
0.000000000e+00
0.000000000e+00
0.000000000e+00
7.560952381e-02
1.060363248e-01
0.000000000e+00
0.000000000e+00
0.000000000e+00
0.000000000e+00
0.000000000e+00
9.966871625e-02
1.234805195e-02
0.000000000e+00
0.000000000e+00
0.000000000e+00
0.000000000e+00
0.000000000e+00
0.000000000e+00
3.406349206e-02
0.000000000e+00
0.000000000e+00
0.000000000e+00
2.268744589e-02
1.443099567e-01
2.207893639e-01
8.752236652e-02
0.000000000e+00
0.000000000e+00
0.000000000e+00
0.000000000e+00
5.593650794e-03
3.196349206e-02
0.000000000e+00
0.000000000e+00
0.000000000e+00
0.000000000e+00
0.000000000e+00
2.215122655e-02
6.111111111e-03
0.000000000e+00
3.333333333e-03
0.000000000e+00
4.623823954e-02
0.000000000e+00
0.000000000e+00
0.000000000e+00
0.000000000e+00
0.000000000e+00
0.000000000e+00
0.000000000e+00
0.000000000e+00
1.344677656e-01
4.793144633e-02
1.044920635e-02
2.884737485e-02
0.000000000e+00
4.977777778e-03
6.666666667e-03
1.619567100e-02
0.000000000e+00
0.000000000e+00
0.000000000e+00
3.023030303e-02
0.000000000e+00
0.000000000e+00
8.215873016e-03
0.000000000e+00
5.377777778e-03
5.048747135e-02
0.000000000e+00
2.873015873e-02
3.754011544e-02
3.301282770e-02
3.038571429e-02
0.000000000e+00
0.000000000e+00
0.000000000e+00
0.000000000e+00
0.000000000e+00
0.000000000e+00
0.000000000e+00
0.000000000e+00
2.190162076e-01
9.009523810e-03
0.000000000e+00
0.000000000e+00
0.000000000e+00
0.000000000e+00
0.000000000e+00
0.000000000e+00
0.000000000e+00
0.000000000e+00
0.000000000e+00
0.000000000e+00
0.000000000e+00
0.000000000e+00
0.000000000e+00
0.000000000e+00
0.000000000e+00
0.000000000e+00
0.000000000e+00
0.000000000e+00
0.000000000e+00
0.000000000e+00
0.000000000e+00
0.000000000e+00
0.000000000e+00
0.000000000e+00
0.000000000e+00
0.000000000e+00
0.000000000e+00
0.000000000e+00
0.000000000e+00
0.000000000e+00
0.000000000e+00
0.000000000e+00
0.000000000e+00
0.000000000e+00
0.000000000e+00
0.000000000e+00
0.000000000e+00
0.000000000e+00
1.076584860e-01
0.000000000e+00
0.000000000e+00
0.000000000e+00
0.000000000e+00
0.000000000e+00
0.000000000e+00
0.000000000e+00
0.000000000e+00
0.000000000e+00
0.000000000e+00
0.000000000e+00
0.000000000e+00
0.000000000e+00
0.000000000e+00
0.000000000e+00
0.000000000e+00
3.651269841e-02
0.000000000e+00
5.617388167e-02
2.800000000e-03
5.248974359e-02
0.000000000e+00
0.000000000e+00
6.430303030e-03
0.000000000e+00
0.000000000e+00
0.000000000e+00
2.266666667e-03
0.000000000e+00
0.000000000e+00
0.000000000e+00
0.000000000e+00
0.000000000e+00
0.000000000e+00
0.000000000e+00
0.000000000e+00
0.000000000e+00
0.000000000e+00
0.000000000e+00
0.000000000e+00
0.000000000e+00
0.000000000e+00
0.000000000e+00
0.000000000e+00
0.000000000e+00
0.000000000e+00
0.000000000e+00
0.000000000e+00
0.000000000e+00
0.000000000e+00
0.000000000e+00
0.000000000e+00
0.000000000e+00
0.000000000e+00
0.000000000e+00
0.000000000e+00
0.000000000e+00
0.000000000e+00
0.000000000e+00
0.000000000e+00
0.000000000e+00
0.000000000e+00
0.000000000e+00
0.000000000e+00
0.000000000e+00
0.000000000e+00
0.000000000e+00
0.000000000e+00
0.000000000e+00
0.000000000e+00
0.000000000e+00
0.000000000e+00
0.000000000e+00
0.000000000e+00
0.000000000e+00
0.000000000e+00
0.000000000e+00
0.000000000e+00
0.000000000e+00
0.000000000e+00
0.000000000e+00
0.000000000e+00
0.000000000e+00
0.000000000e+00
0.000000000e+00
0.000000000e+00
0.000000000e+00
0.000000000e+00
0.000000000e+00
0.000000000e+00
0.000000000e+00
0.000000000e+00
0.000000000e+00
0.000000000e+00
0.000000000e+00
0.000000000e+00
0.000000000e+00
0.000000000e+00
0.000000000e+00
0.000000000e+00
0.000000000e+00
0.000000000e+00
0.000000000e+00
0.000000000e+00
0.000000000e+00
0.000000000e+00
1.323809524e-02
0.000000000e+00
1.945873016e-02
0.000000000e+00
0.000000000e+00
0.000000000e+00
0.000000000e+00
0.000000000e+00
0.000000000e+00
0.000000000e+00
1.400000000e-03
0.000000000e+00
5.615924794e-02
0.000000000e+00
0.000000000e+00
0.000000000e+00
0.000000000e+00
1.050621934e-01
0.000000000e+00
0.000000000e+00
0.000000000e+00
0.000000000e+00
0.000000000e+00
0.000000000e+00
3.617936508e-02
1.822077922e-02
0.000000000e+00
0.000000000e+00
0.000000000e+00
0.000000000e+00
1.114285714e-02
0.000000000e+00
0.000000000e+00
4.333896104e-02
0.000000000e+00
6.633333333e-03
0.000000000e+00
6.773712954e-02
3.701843255e-02
3.666753247e-02
0.000000000e+00
0.000000000e+00
2.397824803e-01
3.365901876e-02
2.248195138e-02
5.176666667e-02
7.007128590e-02
0.000000000e+00
1.100952381e-02
3.430901876e-02
0.000000000e+00
0.000000000e+00
0.000000000e+00
0.000000000e+00
0.000000000e+00
0.000000000e+00
0.000000000e+00
0.000000000e+00
0.000000000e+00
0.000000000e+00
0.000000000e+00
0.000000000e+00
0.000000000e+00
0.000000000e+00
0.000000000e+00
0.000000000e+00
0.000000000e+00
0.000000000e+00
0.000000000e+00
0.000000000e+00
0.000000000e+00
0.000000000e+00
0.000000000e+00
0.000000000e+00
0.000000000e+00
0.000000000e+00
0.000000000e+00
0.000000000e+00
0.000000000e+00
0.000000000e+00
0.000000000e+00
0.000000000e+00
0.000000000e+00
0.000000000e+00
0.000000000e+00
0.000000000e+00
0.000000000e+00
0.000000000e+00
0.000000000e+00
5.105889992e-02
0.000000000e+00
6.394692193e-01
0.000000000e+00
1.823809524e-02
1.466666667e-03
9.898412698e-03
0.000000000e+00
0.000000000e+00
0.000000000e+00
0.000000000e+00
0.000000000e+00
0.000000000e+00
0.000000000e+00
0.000000000e+00
0.000000000e+00
0.000000000e+00
0.000000000e+00
0.000000000e+00
0.000000000e+00
0.000000000e+00
0.000000000e+00
0.000000000e+00
0.000000000e+00
0.000000000e+00
0.000000000e+00
0.000000000e+00
0.000000000e+00
0.000000000e+00
0.000000000e+00
0.000000000e+00
0.000000000e+00
0.000000000e+00
0.000000000e+00
0.000000000e+00
0.000000000e+00
0.000000000e+00
0.000000000e+00
0.000000000e+00
0.000000000e+00
0.000000000e+00
0.000000000e+00
4.645974026e-02
0.000000000e+00
3.465863026e-02
0.000000000e+00
0.000000000e+00
0.000000000e+00
4.541414141e-03
0.000000000e+00
0.000000000e+00
0.000000000e+00
2.155910364e-02
3.131574145e-02
0.000000000e+00
1.007393345e-01
0.000000000e+00
0.000000000e+00
0.000000000e+00
0.000000000e+00
0.000000000e+00
0.000000000e+00
0.000000000e+00
0.000000000e+00
0.000000000e+00
0.000000000e+00
0.000000000e+00
0.000000000e+00
0.000000000e+00
0.000000000e+00
0.000000000e+00
0.000000000e+00
0.000000000e+00
0.000000000e+00
0.000000000e+00
0.000000000e+00
0.000000000e+00
0.000000000e+00
0.000000000e+00
0.000000000e+00
0.000000000e+00
0.000000000e+00
0.000000000e+00
0.000000000e+00
0.000000000e+00
0.000000000e+00
0.000000000e+00
0.000000000e+00
0.000000000e+00
0.000000000e+00
0.000000000e+00
0.000000000e+00
0.000000000e+00
0.000000000e+00
0.000000000e+00
0.000000000e+00
0.000000000e+00
0.000000000e+00
0.000000000e+00
0.000000000e+00
0.000000000e+00
0.000000000e+00
0.000000000e+00
0.000000000e+00
0.000000000e+00
0.000000000e+00
0.000000000e+00
0.000000000e+00
0.000000000e+00
0.000000000e+00
1.497958852e-01
8.337134304e-02
3.006877175e-02
4.574365079e-02
3.329076479e-02
5.053116883e-02
8.367461591e-02
1.576050228e-01
9.382445887e-02
6.230808081e-02
3.682106782e-02
4.551177319e-02
1.653152991e-01
1.989552670e-02
0.000000000e+00
0.000000000e+00
0.000000000e+00
0.000000000e+00
0.000000000e+00
0.000000000e+00
0.000000000e+00
0.000000000e+00
0.000000000e+00
0.000000000e+00
0.000000000e+00
0.000000000e+00
0.000000000e+00
0.000000000e+00
0.000000000e+00
0.000000000e+00
0.000000000e+00
0.000000000e+00
0.000000000e+00
0.000000000e+00
0.000000000e+00
0.000000000e+00
0.000000000e+00
0.000000000e+00
0.000000000e+00
0.000000000e+00
0.000000000e+00
0.000000000e+00
0.000000000e+00
0.000000000e+00
0.000000000e+00
0.000000000e+00
0.000000000e+00
0.000000000e+00
0.000000000e+00
0.000000000e+00
0.000000000e+00
0.000000000e+00
0.000000000e+00
0.000000000e+00
0.000000000e+00
0.000000000e+00
0.000000000e+00
0.000000000e+00
0.000000000e+00
0.000000000e+00
0.000000000e+00
0.000000000e+00
0.000000000e+00
0.000000000e+00
0.000000000e+00
0.000000000e+00
0.000000000e+00
0.000000000e+00
0.000000000e+00
0.000000000e+00
0.000000000e+00
0.000000000e+00
0.000000000e+00
0.000000000e+00
0.000000000e+00
0.000000000e+00
0.000000000e+00
0.000000000e+00
0.000000000e+00
0.000000000e+00
0.000000000e+00
0.000000000e+00
0.000000000e+00
0.000000000e+00
0.000000000e+00
0.000000000e+00
0.000000000e+00
0.000000000e+00
0.000000000e+00
0.000000000e+00
0.000000000e+00
0.000000000e+00
0.000000000e+00
0.000000000e+00
0.000000000e+00
0.000000000e+00
0.000000000e+00
0.000000000e+00
0.000000000e+00
0.000000000e+00
0.000000000e+00
0.000000000e+00
0.000000000e+00
0.000000000e+00
0.000000000e+00
0.000000000e+00
0.000000000e+00
0.000000000e+00
0.000000000e+00
0.000000000e+00
0.000000000e+00
0.000000000e+00
0.000000000e+00
0.000000000e+00
0.000000000e+00
0.000000000e+00
0.000000000e+00
0.000000000e+00
0.000000000e+00
0.000000000e+00
0.000000000e+00
8.153968254e-03
0.000000000e+00
0.000000000e+00
0.000000000e+00
0.000000000e+00
4.641855922e-02
3.041428571e-02
0.000000000e+00
9.854112554e-03
0.000000000e+00
0.000000000e+00
1.230404040e-02
0.000000000e+00
0.000000000e+00
3.444444444e-03
3.285714286e-03
0.000000000e+00
3.068398268e-03
0.000000000e+00
0.000000000e+00
0.000000000e+00
7.120187590e-02
0.000000000e+00
0.000000000e+00
0.000000000e+00
3.025607334e-02
1.977265676e-02
6.967070707e-02
0.000000000e+00
0.000000000e+00
0.000000000e+00
1.723333333e-02
0.000000000e+00
0.000000000e+00
0.000000000e+00
0.000000000e+00
0.000000000e+00
0.000000000e+00
4.228571429e-03
0.000000000e+00
1.412698413e-02
4.000000000e-03
9.186580087e-03
0.000000000e+00
0.000000000e+00
9.400000000e-03
1.140952381e-02
0.000000000e+00
1.582071700e-01
0.000000000e+00
0.000000000e+00
1.663826272e-01
0.000000000e+00
0.000000000e+00
0.000000000e+00
0.000000000e+00
0.000000000e+00
0.000000000e+00
0.000000000e+00
0.000000000e+00
0.000000000e+00
0.000000000e+00
0.000000000e+00
0.000000000e+00
0.000000000e+00
1.261739071e-01
0.000000000e+00
0.000000000e+00
0.000000000e+00
6.017194635e-02
0.000000000e+00
0.000000000e+00
0.000000000e+00
0.000000000e+00
0.000000000e+00
0.000000000e+00
0.000000000e+00
5.866089466e-03
0.000000000e+00
0.000000000e+00
0.000000000e+00
1.127670826e-02
2.721776328e-02
3.116069094e-02
0.000000000e+00
0.000000000e+00
0.000000000e+00
0.000000000e+00
0.000000000e+00
0.000000000e+00
0.000000000e+00
0.000000000e+00
0.000000000e+00
0.000000000e+00
0.000000000e+00
0.000000000e+00
0.000000000e+00
0.000000000e+00
0.000000000e+00
0.000000000e+00
0.000000000e+00
0.000000000e+00
0.000000000e+00
0.000000000e+00
0.000000000e+00
0.000000000e+00
0.000000000e+00
0.000000000e+00
0.000000000e+00
0.000000000e+00
0.000000000e+00
0.000000000e+00
0.000000000e+00
0.000000000e+00
0.000000000e+00
0.000000000e+00
0.000000000e+00
0.000000000e+00
0.000000000e+00
0.000000000e+00
0.000000000e+00
0.000000000e+00
0.000000000e+00
0.000000000e+00
4.501632746e-02
0.000000000e+00
0.000000000e+00
0.000000000e+00
0.000000000e+00
4.665622156e-02
0.000000000e+00
0.000000000e+00
0.000000000e+00
0.000000000e+00
0.000000000e+00
0.000000000e+00
0.000000000e+00
0.000000000e+00
0.000000000e+00
0.000000000e+00
0.000000000e+00
0.000000000e+00
0.000000000e+00
0.000000000e+00
0.000000000e+00
0.000000000e+00
0.000000000e+00
0.000000000e+00
0.000000000e+00
0.000000000e+00
0.000000000e+00
0.000000000e+00
0.000000000e+00
0.000000000e+00
0.000000000e+00
0.000000000e+00
0.000000000e+00
0.000000000e+00
0.000000000e+00
0.000000000e+00
0.000000000e+00
0.000000000e+00
0.000000000e+00
0.000000000e+00
0.000000000e+00
0.000000000e+00
0.000000000e+00
0.000000000e+00
0.000000000e+00
0.000000000e+00
0.000000000e+00
0.000000000e+00
0.000000000e+00
0.000000000e+00
0.000000000e+00
0.000000000e+00
0.000000000e+00
0.000000000e+00
0.000000000e+00
0.000000000e+00
0.000000000e+00
0.000000000e+00
0.000000000e+00
0.000000000e+00
0.000000000e+00
0.000000000e+00
0.000000000e+00
0.000000000e+00
0.000000000e+00
0.000000000e+00
0.000000000e+00
0.000000000e+00
0.000000000e+00
0.000000000e+00
0.000000000e+00
0.000000000e+00
0.000000000e+00
0.000000000e+00
0.000000000e+00
0.000000000e+00
0.000000000e+00
0.000000000e+00
0.000000000e+00
5.619754690e-02
0.000000000e+00
0.000000000e+00
0.000000000e+00
0.000000000e+00
0.000000000e+00
0.000000000e+00
5.904761905e-03
5.458551449e-02
0.000000000e+00
0.000000000e+00
0.000000000e+00
0.000000000e+00
0.000000000e+00
0.000000000e+00
0.000000000e+00
0.000000000e+00
0.000000000e+00
0.000000000e+00
0.000000000e+00
1.443268398e-02
0.000000000e+00
0.000000000e+00
0.000000000e+00
0.000000000e+00
0.000000000e+00
0.000000000e+00
0.000000000e+00
7.111111111e-03
0.000000000e+00
3.952380952e-03
0.000000000e+00
3.351904762e-02
0.000000000e+00
0.000000000e+00
1.294117647e-02
0.000000000e+00
0.000000000e+00
0.000000000e+00
5.561465201e-02
4.322460317e-02
5.912857143e-02
4.525070028e-02
1.777777778e-03
1.532619048e-02
0.000000000e+00
0.000000000e+00
0.000000000e+00
0.000000000e+00
0.000000000e+00
0.000000000e+00
0.000000000e+00
0.000000000e+00
0.000000000e+00
0.000000000e+00
0.000000000e+00
0.000000000e+00
0.000000000e+00
0.000000000e+00
0.000000000e+00
0.000000000e+00
0.000000000e+00
0.000000000e+00
0.000000000e+00
0.000000000e+00
0.000000000e+00
0.000000000e+00
0.000000000e+00
0.000000000e+00
0.000000000e+00
0.000000000e+00
0.000000000e+00
0.000000000e+00
0.000000000e+00
0.000000000e+00
0.000000000e+00
0.000000000e+00
0.000000000e+00
0.000000000e+00
0.000000000e+00
0.000000000e+00
0.000000000e+00
1.088767507e-02
0.000000000e+00
0.000000000e+00
0.000000000e+00
0.000000000e+00
0.000000000e+00
0.000000000e+00
0.000000000e+00
0.000000000e+00
0.000000000e+00
0.000000000e+00
0.000000000e+00
0.000000000e+00
0.000000000e+00
0.000000000e+00
0.000000000e+00
0.000000000e+00
0.000000000e+00
0.000000000e+00
0.000000000e+00
0.000000000e+00
0.000000000e+00
0.000000000e+00
0.000000000e+00
0.000000000e+00
0.000000000e+00
0.000000000e+00
0.000000000e+00
0.000000000e+00
0.000000000e+00
0.000000000e+00
0.000000000e+00
0.000000000e+00
0.000000000e+00
0.000000000e+00
0.000000000e+00
0.000000000e+00
0.000000000e+00
0.000000000e+00
0.000000000e+00
0.000000000e+00
0.000000000e+00
0.000000000e+00
0.000000000e+00
0.000000000e+00
0.000000000e+00
5.606695527e-02
6.822539683e-02
0.000000000e+00
0.000000000e+00
0.000000000e+00
0.000000000e+00
0.000000000e+00
0.000000000e+00
0.000000000e+00
0.000000000e+00
0.000000000e+00
0.000000000e+00
0.000000000e+00
0.000000000e+00
0.000000000e+00
0.000000000e+00
0.000000000e+00
0.000000000e+00
0.000000000e+00
0.000000000e+00
0.000000000e+00
0.000000000e+00
0.000000000e+00
0.000000000e+00
0.000000000e+00
0.000000000e+00
0.000000000e+00
0.000000000e+00
0.000000000e+00
0.000000000e+00
0.000000000e+00
0.000000000e+00
0.000000000e+00
0.000000000e+00
0.000000000e+00
0.000000000e+00
0.000000000e+00
0.000000000e+00
0.000000000e+00
0.000000000e+00
0.000000000e+00
0.000000000e+00
0.000000000e+00
0.000000000e+00
0.000000000e+00
0.000000000e+00
0.000000000e+00
0.000000000e+00
0.000000000e+00
0.000000000e+00
0.000000000e+00
0.000000000e+00
0.000000000e+00
0.000000000e+00
0.000000000e+00
0.000000000e+00
0.000000000e+00
0.000000000e+00
0.000000000e+00
0.000000000e+00
0.000000000e+00
0.000000000e+00
0.000000000e+00
0.000000000e+00
1.373515168e-01
8.079307359e-02
3.026904762e-02
7.523131313e-02
3.782065572e-01
3.782712843e-02
1.986060606e-02
2.126565657e-02
6.804733045e-02
5.593470418e-02
2.490259012e-01
4.698483347e-02
2.916204906e-02
8.053059163e-02
0.000000000e+00
0.000000000e+00
0.000000000e+00
0.000000000e+00
0.000000000e+00
0.000000000e+00
0.000000000e+00
0.000000000e+00
0.000000000e+00
0.000000000e+00
0.000000000e+00
0.000000000e+00
0.000000000e+00
0.000000000e+00
0.000000000e+00
0.000000000e+00
0.000000000e+00
0.000000000e+00
0.000000000e+00
0.000000000e+00
0.000000000e+00
0.000000000e+00
0.000000000e+00
0.000000000e+00
0.000000000e+00
0.000000000e+00
0.000000000e+00
0.000000000e+00
0.000000000e+00
0.000000000e+00
0.000000000e+00
0.000000000e+00
2.806497219e-01
4.671346080e-02
8.388072701e-02
1.315672176e-01
1.204338232e-01
0.000000000e+00
4.710259740e-02
7.720555430e-02
1.096875153e-01
8.949983060e-02
1.501921034e-01
4.421172634e-01
7.130434783e-03
1.079009777e-02
2.653809524e-02
0.000000000e+00
2.233333333e-02
2.102564103e-03
1.333333333e-03
1.673913043e-03
1.236363636e-03
1.569461540e-01
1.360000000e-02
6.951137248e-02
0.000000000e+00
6.000000000e-03
1.768322173e-01
1.528734953e-01
7.151022806e-02
2.762668196e-02
1.932173707e-01
2.324324324e-03
1.015321987e-01
4.910974512e-02
0.000000000e+00
1.204660046e-02
6.248499789e-02
6.448484848e-03
1.728089592e-02
8.562359380e-03
1.978067633e-02
1.271944797e-01
2.342727273e-02
8.785353535e-03
5.059489694e-02
0.000000000e+00
4.008620690e-03
3.313730962e-02
0.000000000e+00
8.000000000e-03
2.489462529e-01
3.711340326e-02
4.507464003e-02
0.000000000e+00
7.379310345e-03
5.500575503e-02
5.074510547e-02
1.096585383e-02
6.621285285e-02
1.583174018e-02
4.458794466e-02
9.636363636e-03
1.467509880e-01
4.000000000e-03
0.000000000e+00
0.000000000e+00
2.202142857e-02
3.812820513e-02
0.000000000e+00
4.145714286e-02
1.690181818e-02
0.000000000e+00
1.286782046e-01
3.809090909e-03
2.036699296e-02
5.339393939e-03
2.679928836e-02
3.720103306e-01
1.113636364e-02
2.100372918e-03
1.070779221e-02
4.057142857e-03
7.028571429e-03
6.225744190e-02
5.813953488e-03
6.899080980e-02
9.586319627e-02
3.547329277e-03
3.647833666e-02
2.482539683e-02
3.200000000e-03
5.067110233e-02
1.142857143e-03
3.948447867e-02
1.061798365e-01
1.559259259e-02
3.809090909e-03
4.000000000e-03
1.800000000e-03
1.163461538e-02
0.000000000e+00
6.474552696e-03
4.533333333e-03
7.666944550e-03
1.874410774e-02
1.465148483e-02
2.626666667e-02
0.000000000e+00
0.000000000e+00
2.000000000e-03
6.800000000e-03
1.800000000e-03
1.089786561e-02
1.066666667e-03
0.000000000e+00
4.166666667e-03
1.612698413e-02
0.000000000e+00
1.603478261e-02
0.000000000e+00
8.878157836e-03
3.878787879e-03
4.433098592e-03
1.142857143e-03
4.169014085e-03
4.153846154e-03
1.155555556e-02
5.643111111e-02
5.363636364e-03
6.034445585e-02
1.280000000e-02
2.000000000e-03
4.734898279e-03
2.652273863e-03
6.000000000e-03
6.440922266e-02
0.000000000e+00
1.776962766e-02
2.221775126e-02
2.489696970e-02
4.853333333e-03
4.862060076e-02
4.071929825e-03
1.238095238e-02
0.000000000e+00
5.714285714e-04
6.528571429e-03
1.000000000e-03
1.250000000e-02
1.152795031e-02
9.507246377e-03
0.000000000e+00
2.000000000e-03
6.000000000e-03
8.309116124e-02
1.200000000e-02
6.588235294e-03
4.800000000e-03
2.256950630e-02
0.000000000e+00
0.000000000e+00
0.000000000e+00
2.936983200e-02
1.090529202e-02
2.472727273e-03
8.650000000e-03
2.133333333e-03
4.400000000e-03
0.000000000e+00
1.493031506e-03
4.678348344e-02
4.700180180e-02
3.200000000e-03
1.531452456e-03
3.065838509e-03
6.000000000e-03
0.000000000e+00
8.666666667e-03
1.231799656e-02
8.000000000e-03
0.000000000e+00
1.565217391e-03
4.000000000e-03
1.833333333e-03
1.538461538e-04
4.000000000e-03
3.890476190e-03
8.055587853e-03
3.376777570e-02
1.750000000e-03
1.560000000e-02
0.000000000e+00
6.107113863e-02
0.000000000e+00
0.000000000e+00
2.340674201e-02
1.939393939e-02
4.000000000e-03
0.000000000e+00
0.000000000e+00
3.574979170e-02
1.500000000e-03
9.571577847e-05
1.085533296e-01
3.950574713e-03
0.000000000e+00
0.000000000e+00
1.065000000e-02
0.000000000e+00
0.000000000e+00
1.211267606e-03
0.000000000e+00
7.272727273e-05
6.231884058e-04
4.069311594e-02
6.000000000e-03
2.544186047e-03
1.863619011e-01
8.000000000e-03
1.657575758e-02
6.000000000e-03
2.121212121e-03
0.000000000e+00
0.000000000e+00
0.000000000e+00
4.000000000e-03
1.607222222e-02
0.000000000e+00
0.000000000e+00
2.206312158e-02
8.115942029e-04
5.080459770e-03
3.425287356e-03
0.000000000e+00
0.000000000e+00
4.000000000e-03
2.549450549e-03
0.000000000e+00
1.208524904e-02
3.777777778e-03
6.777777778e-03
4.000000000e-03
4.800000000e-04
8.985915493e-03
5.748906399e-02
4.000000000e-03
5.192465192e-03
0.000000000e+00
0.000000000e+00
1.847619048e-02
2.666666667e-02
0.000000000e+00
0.000000000e+00
1.361345029e-02
0.000000000e+00
3.466666667e-03
1.194303949e-02
0.000000000e+00
0.000000000e+00
0.000000000e+00
2.666666667e-04
2.794495413e-02
4.000000000e-03
8.933333333e-03
4.295652174e-03
6.642424242e-03
6.929971989e-03
1.065614035e-02
0.000000000e+00
0.000000000e+00
2.666666667e-03
6.400000000e-03
0.000000000e+00
0.000000000e+00
1.666666667e-03
0.000000000e+00
4.000000000e-03
8.000000000e-03
0.000000000e+00
6.717226436e-04
0.000000000e+00
0.000000000e+00
8.965517241e-04
4.000000000e-03
0.000000000e+00
0.000000000e+00
0.000000000e+00
3.774086379e-03
2.000000000e-03
0.000000000e+00
0.000000000e+00
6.352941176e-03
0.000000000e+00
3.333333333e-03
5.428753877e-03
8.124808184e-03
2.845392575e-02
4.758620690e-03
0.000000000e+00
0.000000000e+00
2.792303030e-02
4.000000000e-03
9.382945736e-03
2.400000000e-03
0.000000000e+00
1.979370153e-02
4.395604396e-05
1.042016807e-03
0.000000000e+00
2.000000000e-03
2.000000000e-03
2.333333333e-03
0.000000000e+00
5.165217391e-03
0.000000000e+00
0.000000000e+00
2.666666667e-03
1.333333333e-03
0.000000000e+00
0.000000000e+00
4.000000000e-03
0.000000000e+00
9.321428571e-03
1.043478261e-04
4.000000000e-03
8.000000000e-03
0.000000000e+00
9.166666667e-03
9.126760563e-03
4.181818182e-03
1.933911159e-03
0.000000000e+00
0.000000000e+00
0.000000000e+00
0.000000000e+00
1.333333333e-03
2.806092093e-02
4.000000000e-03
2.000000000e-03
8.000000000e-03
4.000000000e-03
0.000000000e+00
0.000000000e+00
0.000000000e+00
3.520000000e-03
0.000000000e+00
0.000000000e+00
4.000000000e-03
0.000000000e+00
0.000000000e+00
0.000000000e+00
8.888888889e-04
0.000000000e+00
1.333333333e-03
0.000000000e+00
0.000000000e+00
0.000000000e+00
2.484848485e-03
3.133333333e-03
0.000000000e+00
0.000000000e+00
0.000000000e+00
0.000000000e+00
0.000000000e+00
0.000000000e+00
0.000000000e+00
0.000000000e+00
0.000000000e+00
2.307692308e-03
0.000000000e+00
0.000000000e+00
4.000000000e-03
0.000000000e+00
2.000000000e-03
0.000000000e+00
0.000000000e+00
1.125714286e-02
0.000000000e+00
1.860465116e-04
0.000000000e+00
0.000000000e+00
0.000000000e+00
7.731092437e-04
0.000000000e+00
0.000000000e+00
0.000000000e+00
0.000000000e+00
0.000000000e+00
0.000000000e+00
1.500000000e-03
0.000000000e+00
0.000000000e+00
4.000000000e-03
0.000000000e+00
2.396835017e-02
0.000000000e+00
2.285714286e-03
9.066749977e-03
9.333333333e-03
0.000000000e+00
2.857142857e-03
0.000000000e+00
5.200000000e-03
0.000000000e+00
0.000000000e+00
0.000000000e+00
2.000000000e-03
0.000000000e+00
0.000000000e+00
2.000000000e-03
0.000000000e+00
3.333333333e-03
0.000000000e+00
0.000000000e+00
0.000000000e+00
0.000000000e+00
0.000000000e+00
0.000000000e+00
0.000000000e+00
0.000000000e+00
7.441860465e-04
0.000000000e+00
2.500000000e-03
0.000000000e+00
4.000000000e-03
0.000000000e+00
0.000000000e+00
0.000000000e+00
0.000000000e+00
0.000000000e+00
1.400000000e-03
0.000000000e+00
0.000000000e+00
0.000000000e+00
2.666666667e-03
2.000000000e-03
0.000000000e+00
3.126760563e-03
1.126760563e-03
5.633802817e-05
4.000000000e-03
6.000000000e-03
3.428571429e-03
3.555555556e-03
2.000000000e-03
2.400000000e-03
1.000000000e-03
2.000000000e-03
3.464882943e-03
8.000000000e-04
1.309090909e-03
1.309090909e-03
5.714285714e-03
3.000000000e-03
4.000000000e-03
1.600000000e-03
4.000000000e-03
1.142857143e-03
5.714285714e-04
4.000000000e-03
7.586206897e-04
1.517241379e-03
5.000000000e-04
9.043478261e-04
4.000000000e-03
1.555555556e-03
2.000000000e-03
0.000000000e+00
0.000000000e+00
0.000000000e+00
0.000000000e+00
0.000000000e+00
0.000000000e+00
0.000000000e+00
0.000000000e+00
0.000000000e+00
0.000000000e+00
0.000000000e+00
0.000000000e+00
0.000000000e+00
0.000000000e+00
0.000000000e+00
0.000000000e+00
1.910895716e-02
2.254903907e-03
5.617702987e-03
7.115832888e-01
9.866177357e-01
1.334335062e-01
7.952843494e-01
